"lat";"lon";"weight"
48.658;-125.9186;0
58.0623;-136.6846;0
50.6144;-124.2976;0
47.4459;-70.2334;0
46.8336;-78.9053;0
59.2311;-136.4824;0
47.5776;-69.9493;0
47.4858;-70.4106;0
48.6552;-122.3054;0
49.5221;-66.7999;0
48.3995;-123.519;0
47.7766;-122.8021;0
46.8402;-78.9263;0
47.7716;-122.8247;0
50.4428;-130.1367;0
48.4894;-123.2359;0
71.9013;-75.5651;0
50.5289;-130.1902;0
44.6015;-70.4737;0
47.3873;-70.4873;0
49.4028;-127.8858;0
44.7659;-73.6932;0
52.5854;-132.0574;0
53.5049;-133.1931;0
48.1709;-122.4282;0
60.0123;-137.0349;0
50.5326;-130.3623;0
57.4726;-132.299;0
54.2339;-119.0639;0
65.4091;-85.3922;0
54.3062;-119.0074;0
49.8813;-123.8707;0
59.1876;-136.4663;0
47.5938;-70.0607;0
50.1889;-127.7512;0
46.6806;-75.0068;0
60.687;-57.3923;0
47.846;-116.5526;0
48.8296;-121.8153;0
48.6168;-122.6312;0
48.5711;-122.646;0
48.5701;-122.64;0
48.6163;-122.6331;0
47.9921;-129.0434;0
47.961;-129.0984;0
48.727;-125.8731;0
52.559;-132.2138;0
47.5385;-70.3979;0
49.6501;-127.2858;0
42.9908;-71.1773;0
52.7527;-132.2702;0
52.8445;-132.4786;0
50.079;-65.3619;0
53.6221;-133.176;0
50.0632;-129.8719;0
50.0386;-130.0606;0
52.5309;-132.2087;0
50.2384;-92.0904;0
61.9785;-140.8358;0
46.8041;-78.868;0
48.6827;-125.8983;0
47.748;-69.8967;0
52.246;-131.8393;0
46.8083;-76.4064;0
57.7873;-143.7449;0
52.3836;-131.983;0
52.7592;-119.2346;0
47.4351;-70.5411;0
47.5153;-70.2214;0
50.5934;-130.3765;0
49.6977;-68.352;0
43.2052;-78.87;0
50.5842;-130.3397;0
50.5874;-130.353;0
50.5863;-130.3698;0
50.6027;-130.3356;0
47.0001;-76.6879;0
70.7953;-80.5737;0
50.6046;-130.3236;0
47.7096;-69.8606;0
52.0374;-115.5368;0
48.7022;-128.5657;0
49.6369;-127.0898;0
58.17;-136.7421;0
53.8618;-132.2662;0
60.3308;-140.1375;0
49.1621;-129.0306;0
50.0197;-127.9295;0
52.7861;-132.4105;0
48.6656;-122.5314;0
50.4503;-130.1058;0
50.4427;-130.2021;0
50.4862;-130.1207;0
47.4945;-70.377;0
49.5892;-126.9327;0
60.334;-142.8967;0
50.7127;-91.9985;0
47.4026;-70.2874;0
51.1943;-124.4263;0
49.0417;-129.9826;0
60.8916;-59.156;0
48.3243;-69.2523;0
42.9993;-71.182;0
48.7252;-125.2595;0
60.7286;-138.802;0
60.4329;-139.2491;0
50.192;-127.7895;0
47.5909;-70.3781;0
47.3995;-70.4985;0
48.2119;-121.7473;0
49.6022;-67.23;0
46.8617;-77.3404;0
46.7096;-65.7169;0
48.4899;-123.4597;0
47.4164;-70.4407;0
47.7166;-70.0339;0
48.3085;-121.6421;0
46.0211;-75.4224;0
64.8847;-133.5123;0
64.864;-88.0025;0
53.8854;-132.2353;0
48.9498;-128.9578;0
52.8862;-132.5394;0
53.8727;-132.2819;0
47.5326;-70.0463;0
59.659;-55.1644;0
48.7447;-122.5354;0
50.0133;-127.8585;0
50.1532;-66.1025;0
49.5916;-66.8995;0
49.2476;-123.6165;0
47.4175;-70.4496;0
48.8905;-128.5787;0
52.5843;-132.0284;0
49.0144;-68.3404;0
46.1496;-73.9538;0
48.8895;-128.6405;0
48.1938;-69.9731;0
50.0948;-129.6032;0
49.048;-66.3626;0
53.8486;-133.368;0
47.7192;-122.4316;0
63.3835;-65.8391;0
46.8373;-78.8935;0
49.5641;-66.8757;0
46.0788;-74.7969;0
61.9947;-124.2102;0
47.0798;-69.9158;0
53.9209;-132.3869;0
50.3833;-120.6287;0
47.3832;-70.2622;0
52.3214;-132.0536;0
61.5038;-141.4298;0
46.9247;-70.9065;0
48.7407;-129.1916;0
46.8404;-78.918;0
49.0371;-125.4724;0
65.4246;-134.4499;0
45.9711;-75.4443;0
53.821;-132.5389;0
49.0707;-66.9913;0
66.3729;-135.6155;0
61.3456;-139.9794;0
49.5627;-126.9008;0
52.5615;-132.2053;0
47.5108;-128.8559;0
53.0526;-132.8303;0
49.0891;-125.6009;0
47.5126;-70.2892;0
49.1951;-122.3437;0
48.0147;-122.5153;0
58.3581;-138.1685;0
53.7889;-133.4605;0
50.1136;-129.616;0
47.4787;-69.9758;0
47.4809;-69.9748;0
47.4785;-69.9778;0
59.0864;-54.266;0
59.0713;-54.4989;0
51.8552;-131.6602;0
50.113;-129.6221;0
42.9203;-79.5513;0
52.8087;-132.289;0
44.9825;-74.7413;0
52.7888;-132.3883;0
50.0719;-130.0669;0
52.6683;-132.0598;0
49.5802;-127.0537;0
52.6338;-132.1306;0
49.6637;-127.1839;0
47.404;-70.4187;0
48.2408;-123.2372;0
45.1905;-73.7849;0
48.2343;-125.0164;0
48.25;-125.0159;0
48.235;-125.0114;0
48.1831;-125.0297;0
53.1037;-132.9187;0
48.0947;-124.9945;0
74.6686;-73.8994;0
48.0151;-124.3131;0
48.0509;-122.7242;0
48.5983;-125.1592;0
47.4684;-70.1041;0
47.4181;-70.4262;0
50.574;-130.4077;0
47.4268;-70.5076;0
47.4652;-128.8495;0
47.18;-121.21;0
51.4771;-89.7431;0
49.6443;-128.9771;0
48.7294;-128.7377;0
47.3835;-65.096;0
49.6915;-123.4076;0
53.5028;-117.3776;0
47.0395;-76.3344;0
65.7696;-85.1227;0
51.4208;-89.8985;0
52.7003;-132.3243;0
53.3545;-131.4536;0
54.047;-133.9071;0
53.2534;-132.8127;0
47.5126;-70.3863;0
48.8985;-128.6681;0
48.8956;-128.6531;0
48.9129;-128.5917;0
61.9583;-135.4705;0
48.8978;-128.6477;0
52.5747;-131.9948;0
49.7055;-123.4054;0
52.8798;-132.5346;0
48.904;-128.631;0
49.73;-67.112;0
49.1921;-130.1378;0
49.5882;-68.4125;0
46.394;-80.3533;0
49.753;-66.5042;0
47.4369;-70.3706;0
53.2151;-131.2542;0
71.3153;-136.4709;0
49.8826;-123.8979;0
52.8529;-132.4803;0
47.1758;-76.5585;0
71.2112;-73.1329;0
49.1877;-130.0555;0
49.1867;-130.0362;0
49.1707;-130.2168;0
45.7156;-75.3979;0
65.1259;-137.9676;0
52.7793;-132.3332;0
52.7911;-132.3194;0
49.4641;-126.8521;0
47.071;-69.8922;0
64.902;-133.6603;0
47.5141;-70.0407;0
47.5145;-70.0405;0
47.5339;-70.2939;0
47.6757;-69.8886;0
49.6557;-65.3014;0
64.6926;-110.6595;0
59.5511;-138.8032;0
59.8786;-139.5497;0
48.1592;-71.0941;0
58.8132;-136.35;0
49.5492;-91.5217;0
48.7229;-122.9776;0
47.5229;-69.9311;0
75.1597;-119.1776;0
44.6138;-73.5174;0
49.9842;-127.756;0
49.9898;-127.7571;0
48.9564;-125.553;0
53.411;-131.3836;0
47.7656;-69.9497;0
47.3556;-70.5289;0
50.6437;-130.4424;0
49.1839;-115.156;0
49.158;-127.9073;0
49.6282;-122.1633;0
50.0096;-130.1734;0
52.8657;-132.2361;0
49.977;-130.1309;0
60.8503;-67.2947;0
51.6182;-130.7508;0
59.9944;-141.3966;0
61.1917;-140.5759;0
49.6221;-66.3438;0
48.4752;-121.8267;0
49.5722;-67.1913;0
47.6295;-70.1059;0
49.5811;-67.1935;0
46.1161;-77.2112;0
53.8541;-132.1594;0
48.0269;-124.9369;0
47.4861;-70.3871;0
46.1165;-75.6983;0
49.8224;-125.9987;0
59.8852;-139.2923;0
53.2206;-133.0028;0
49.042;-113.8362;0
49.4803;-122.4238;0
49.6502;-67.0646;0
49.1606;-123.4802;0
48.8159;-125.1379;0
48.5912;-122.9667;0
50.0209;-123.6761;0
52.7536;-132.3488;0
45.7187;-80.5197;0
56.2534;-120.9531;0
58.462;-137.5185;0
49.4966;-127.0914;0
53.7053;-127.0516;0
49.6216;-66.3849;0
49.3642;-124.0101;0
52.9103;-132.5892;0
46.5322;-90.2256;0
53.0851;-132.3282;0
49.9912;-123.6858;0
46.0596;-57.9781;0
47.6585;-69.9599;0
50.0102;-123.679;0
53.1836;-133.5224;0
47.5341;-70.4057;0
47.8971;-113.7289;0
47.6005;-69.9364;0
53.6861;-134.9012;0
48.0782;-125.0484;0
50.4656;-130.2573;0
47.0916;-76.2609;0
50.9596;-130.5959;0
48.6036;-122.6115;0
50.5447;-125.8663;0
73.1693;-90.5231;0
49.9996;-123.6787;0
50.0145;-123.6768;0
50.0268;-123.6755;0
45.7814;-74.4777;0
48.2684;-122.7891;0
50.014;-123.6539;0
47.3939;-70.3008;0
53.0166;-132.6057;0
53.4438;-134.4795;0
47.7388;-122.5541;0
47.5735;-70.2397;0
47.5708;-70.019;0
50.13;-71.3505;0
46.1172;-75.6699;0
47.5801;-70.2629;0
47.5965;-70.2859;0
52.8524;-132.5422;0
52.6533;-131.6698;0
47.6214;-69.8861;0
45.8158;-74.996;0
48.8482;-121.4847;0
48.1626;-124.5754;0
62.743;-75.564;0
49.3354;-128.2243;0
50.6058;-130.3552;0
50.0112;-123.6747;0
59.2656;-142.3843;0
52.4664;-131.8415;0
50.8482;-58.0467;0
65.6012;-85.6783;0
45.6829;-75.8117;0
47.6135;-119.3117;0
52.6958;-132.3395;0
47.4179;-70.3269;0
53.3308;-132.6543;0
60.1957;-141.0078;0
49.0289;-128.7223;0
60.0724;-139.2497;0
48.8259;-129.1314;0
52.441;-131.9024;0
48.8431;-129.1929;0
48.8565;-129.1127;0
47.0063;-77.7881;0
49.1689;-127.8593;0
48.7614;-129.2454;0
50.4458;-130.1022;0
48.0708;-71.4877;0
52.5868;-131.9063;0
45.7258;-76.2628;0
49.5627;-126.1863;0
48.4276;-124.6482;0
49.2576;-122.3805;0
46.5445;-76.6413;0
53.2509;-133.0129;0
49.9853;-127.6549;0
48.4325;-124.6524;0
49.4792;-66.8203;0
48.776;-128.5432;0
48.8173;-128.6196;0
48.7664;-128.5714;0
45.7698;-74.9391;0
58.5028;-71.8766;0
48.7771;-128.5735;0
62.2593;-141.6514;0
49.4356;-67.0958;0
47.7031;-119.9514;0
71.5157;-135.2802;0
43.3729;-78.2289;0
52.2457;-119.2794;0
50.0056;-123.6795;0
50.0075;-123.6735;0
50.0602;-123.6432;0
51.5589;-68.8877;0
52.6576;-131.8953;0
47.1507;-70.6236;0
61.205;-140.8913;0
48.865;-122.6723;0
50.0474;-123.6371;0
49.7598;-127.3066;0
53.2186;-132.6569;0
49.4653;-127.6678;0
53.079;-131.7595;0
47.638;-65.8988;0
62.0047;-134.793;0
47.5151;-69.9491;0
48.7257;-123.5098;0
58.1069;-138.4178;0
53.273;-132.5991;0
48.741;-123.5536;0
48.7445;-123.5309;0
48.9033;-125.7287;0
52.8716;-132.2138;0
52.6602;-132.0961;0
52.6604;-132.0978;0
52.6633;-132.0763;0
49.6299;-66.354;0
48.4466;-122.4754;0
47.4164;-70.3173;0
48.8008;-128.7184;0
48.7854;-128.7217;0
48.7861;-128.8018;0
48.7458;-128.7582;0
60.9609;-82.9297;0
53.8219;-131.6676;0
48.6575;-128.7106;0
50.7115;-130.4766;0
50.7019;-130.4833;0
48.7665;-128.8211;0
48.7876;-128.686;0
48.8296;-128.6796;0
48.8455;-128.712;0
47.7483;-69.742;0
52.3624;-132.4626;0
48.7513;-123.5546;0
48.7828;-128.7358;0
52.7039;-132.2642;0
49.2206;-127.9548;0
52.364;-132.0343;0
49.3523;-128.194;0
48.6039;-123.0967;0
48.6093;-123.1096;0
48.6072;-123.0914;0
48.5962;-123.0631;0
52.6359;-132.0227;0
50.544;-130.347;0
48.5936;-123.0768;0
48.918;-128.5633;0
53.506;-133.2466;0
49.8013;-66.8394;0
59.8712;-141.3676;0
47.4564;-70.3852;0
76.5002;-91.56;0
76.5002;-91.56;0
76.5002;-91.56;0
52.0899;-131.9594;0
45.6908;-76.4646;0
49.4265;-120.6536;0
50.565;-130.2904;0
47.6631;-123.2872;0
59.2452;-134.5058;0
46.9988;-78.4763;0
46.5138;-72.2725;0
71.1823;-95.6158;0
71.1711;-95.5271;0
68.8093;-68.4291;0
52.4716;-131.8984;0
48.8981;-121.992;0
49.1888;-130.2853;0
55.2048;-136.1495;0
49.2649;-122.4305;0
52.4137;-131.7413;0
57.2358;-126.6813;0
49.2382;-126.1118;0
49.4067;-127.3788;0
59.6223;-138.7226;0
48.182;-90.9739;0
43.4888;-79.4459;0
60.674;-124.6993;0
52.8934;-132.5261;0
52.5261;-132.1275;0
52.5268;-132.134;0
52.6946;-132.2254;0
55.1459;-134.9207;0
59.9989;-71.0223;0
50.1668;-65.2077;0
47.3756;-70.1372;0
52.5288;-132.1273;0
60.012;-70.8465;0
52.5201;-132.152;0
52.5194;-132.1541;0
49.7081;-127.349;0
56.3607;-125.6663;0
59.0728;-136.7598;0
52.5168;-132.1552;0
52.516;-132.1564;0
49.9896;-123.4392;0
52.5175;-132.1668;0
52.53;-132.1306;0
45.4597;-76.9758;0
52.542;-132.1526;0
52.5153;-132.1518;0
48.4024;-122.2914;0
54.8434;-142.2086;0
52.5159;-132.1713;0
49.5817;-125.6222;0
52.4182;-131.787;0
52.4135;-131.8053;0
58.9331;-139.3522;0
50.5314;-130.2768;0
48.8092;-68.6763;0
52.5227;-132.1529;0
52.5259;-132.1393;0
47.5239;-70.2859;0
43.2146;-79.8026;0
59.9516;-140.9623;0
49.7228;-124.1996;0
49.9949;-123.4531;0
44.2898;-75.481;0
49.2513;-127.9782;0
49.2612;-127.9874;0
52.6886;-132.2648;0
52.5264;-132.1557;0
52.5331;-132.1514;0
52.5309;-132.1441;0
52.5301;-132.1374;0
48.2067;-124.7796;0
59.9514;-140.6109;0
49.3821;-122.7663;0
72.1352;-77.5603;0
51.0146;-130.3544;0
48.4759;-125.1664;0
71.0112;-125.9289;0
52.5307;-132.1503;0
52.5969;-131.9622;0
43.9773;-74.2584;0
52.0791;-90.9101;0
71.2039;-95.56;0
52.6793;-132.3924;0
47.494;-70.0897;0
49.001;-125.3674;0
69.8828;-129.953;0
63.3882;-131.4121;0
53.2163;-131.8965;0
47.3413;-70.2008;0
54.5988;-132.4895;0
48.3996;-122.3737;0
52.7537;-132.333;0
46.5031;-76.3785;0
49.5906;-66.8478;0
48.9759;-129.3821;0
47.7854;-66.2176;0
52.487;-131.9159;0
62.3095;-124.377;0
62.3468;-124.5001;0
50.5273;-130.3221;0
44.0079;-74.3232;0
49.4111;-66.7875;0
48.8599;-128.9273;0
52.495;-131.7775;0
50.56;-130.2235;0
48.975;-125.9308;0
46.9961;-76.6138;0
49.3321;-127.8621;0
47.4513;-70.0261;0
46.8645;-121.9684;0
51.1254;-130.7754;0
48.5362;-123.4674;0
58.2125;-136.8141;0
53.2355;-132.7715;0
49.8932;-123.9076;0
51.7354;-131.2347;0
46.7252;-78.3542;0
52.7923;-116.1621;0
51.5336;-131.5291;0
51.613;-131.4066;0
51.6412;-131.8996;0
51.6148;-131.4204;0
51.6962;-131.2773;0
51.595;-131.3775;0
48.9176;-128.1181;0
60.0429;-140.718;0
53.4841;-133.1841;0
47.3885;-70.1262;0
47.959;-125.5066;0
50.4967;-125.1416;0
59.899;-139.1577;0
47.7849;-114.414;0
48.8233;-122.304;0
49.8725;-123.6429;0
48.8274;-122.3048;0
48.8084;-122.9158;0
50.5332;-130.2612;0
49.1175;-67.3135;0
58.8692;-134.0016;0
49.297;-127.9586;0
49.4303;-128.349;0
48.0006;-121.8497;0
53.2061;-133.2896;0
49.2611;-67.7013;0
47.5958;-70.2876;0
50.81;-130.648;0
50.8539;-130.6286;0
47.4839;-70.1415;0
49.5357;-65.7056;0
47.1226;-76.4504;0
50.6229;-130.4074;0
59.9185;-137.7525;0
50.2977;-130.1775;0
50.3122;-130.2247;0
45.1842;-56.5674;0
50.8447;-130.5555;0
60.342;-141.0082;0
47.4721;-70.3089;0
50.8326;-130.6083;0
50.2739;-130.2535;0
74.5329;-96.8191;0
50.8408;-130.5824;0
50.8193;-130.622;0
50.8092;-130.6156;0
50.808;-130.63;0
50.8167;-130.63;0
49.0146;-122.5205;0
50.8272;-130.6059;0
50.7559;-130.6584;0
50.8545;-130.5661;0
50.8511;-130.5451;0
50.8302;-130.6658;0
50.8065;-130.5779;0
50.8421;-130.5685;0
50.8024;-130.602;0
60.8348;-138.6343;0
50.8274;-130.6442;0
50.8667;-130.5628;0
50.8416;-130.4837;0
50.8896;-130.571;0
50.5225;-130.9313;0
50.8543;-130.4015;0
50.9415;-130.3438;0
50.8335;-130.5573;0
51.3746;-129.9167;0
50.8578;-130.5522;0
50.9269;-130.3319;0
50.8172;-130.5232;0
50.9005;-130.4473;0
50.8345;-130.4123;0
50.8495;-130.4063;0
48.5209;-124.8718;0
50.8328;-130.5758;0
50.8363;-130.5598;0
50.8745;-130.5512;0
50.8796;-130.499;0
50.8918;-130.4346;0
50.8396;-130.5423;0
49.2008;-128.5622;0
50.6208;-130.5186;0
61.0821;-140.5496;0
47.5173;-69.9519;0
49.5689;-122.5466;0
50.7761;-130.5639;0
50.8739;-130.5425;0
60.7191;-139.6066;0
50.8616;-130.5299;0
49.5839;-127.2027;0
50.8518;-130.5244;0
49.4397;-66.8646;0
48.3369;-122.6574;0
50.7717;-130.7332;0
50.809;-130.6492;0
50.7726;-130.5445;0
50.8396;-130.5282;0
51.1047;-124.6264;0
46.2147;-76.776;0
59.6195;-139.047;0
52.4123;-118.5872;0
52.6384;-132.215;0
48.9794;-122.5418;0
50.8134;-130.5765;0
48.4358;-124.5156;0
46.4883;-75.6429;0
48.4648;-123.2802;0
51.0942;-124.6497;0
51.3381;-77.6336;0
49.1809;-125.9018;0
57.9674;-134.3473;0
52.9049;-132.5668;0
47.6551;-69.8889;0
59.9337;-77.3046;0
59.964;-140.0764;0
48.3218;-64.6225;0
48.5955;-123.0898;0
49.1622;-128.0585;0
58.5731;-137.2456;0
59.5349;-136.0748;0
52.7406;-132.2846;0
50.823;-119.1719;0
47.6472;-69.9937;0
49.7163;-123.3912;0
47.3862;-70.4018;0
47.4707;-70.3106;0
61.5327;-139.8693;0
49.3429;-93.1868;0
49.1209;-67.6157;0
52.6876;-132.1136;0
46.9664;-78.6001;0
61.2256;-140.0918;0
61.228;-67.8012;0
50.4348;-91.9139;0
48.6096;-122.3238;0
52.5074;-131.9416;0
49.1042;-129.6648;0
75.5271;-121.08;0
49.1492;-67.2596;0
58.6726;-135.4489;0
49.5053;-126.9091;0
49.6378;-127.3165;0
50.8625;-130.5255;0
52.5285;-131.9513;0
50.0236;-127.8752;0
71.8219;-97.9425;0
49.8416;-126.6981;0
48.8334;-122.2468;0
47.4282;-115.8774;0
52.6157;-132.2985;0
47.8038;-124.3833;0
48.8295;-128.513;0
47.5947;-69.9736;0
52.5541;-131.9207;0
66.2955;-91.7907;0
53.2085;-132.8178;0
48.9438;-128.4891;0
72.4407;-77.5292;0
52.4851;-131.9229;0
49.1748;-123.3416;0
48.4773;-121.8429;0
71.1437;-71.9458;0
48.5021;-123.2335;0
75.9625;-105.4801;0
50.5655;-130.4232;0
49.9053;-130.1133;0
48.6582;-124.8934;0
49.9541;-130.1644;0
53.1595;-133.2913;0
49.0875;-125.77;0
49.8267;-130.0717;0
49.9674;-130.0971;0
49.9825;-130.1505;0
50.1383;-129.6306;0
49.9856;-130.035;0
50.0171;-129.7871;0
49.947;-130.18;0
49.9472;-130.1792;0
49.9729;-130.0672;0
45.1407;-75.2738;0
49.8641;-130.0798;0
50.0119;-129.8898;0
49.9399;-130.1009;0
49.9698;-130.1776;0
49.9769;-130.1605;0
64.2698;-134.3159;0
49.9773;-130.1381;0
50.6508;-130.4736;0
50.0176;-130.0418;0
49.9898;-130.2308;0
49.9971;-130.2126;0
49.986;-130.2166;0
49.989;-130.1408;0
49.9887;-130.1409;0
50.0506;-130.1435;0
49.9389;-130.324;0
50.0678;-130.2444;0
50.0582;-130.2026;0
50.0317;-130.2132;0
50.047;-130.1992;0
50.0115;-130.219;0
50.0492;-130.2859;0
50.0799;-130.2066;0
50.0715;-130.2132;0
50.0682;-130.268;0
50.0451;-130.1975;0
49.9463;-130.3132;0
50.002;-130.1784;0
50.0092;-130.2673;0
49.5628;-123.0454;0
49.9798;-130.2207;0
48.7683;-122.5082;0
50.1952;-127.7536;0
50.0396;-130.1026;0
50.0271;-130.117;0
49.9904;-130.131;0
49.993;-130.1991;0
48.8023;-128.5154;0
48.7833;-128.4886;0
48.8091;-128.5283;0
47.6014;-70.2174;0
47.6442;-122.0281;0
46.8594;-73.2392;0
49.8306;-123.5034;0
47.8146;-65.8108;0
48.6228;-122.834;0
48.6041;-123.665;0
50.3327;-91.9166;0
48.7081;-123.527;0
48.7928;-123.4614;0
44.0938;-77.142;0
52.544;-132.8751;0
52.5069;-131.9726;0
49.67;-129.2764;0
48.8194;-129.0679;0
45.9884;-74.11;0
46.7936;-79.2203;0
47.4412;-70.3776;0
51.7365;-131.5625;0
52.2912;-131.8254;0
59.7783;-108.1165;0
47.6022;-70.183;0
51.594;-131.1315;0
46.3205;-76.3234;0
49.4219;-65.68;0
53.1112;-129.1243;0
50.305;-64.9916;0
59.0681;-137.0121;0
45.1693;-74.763;0
52.54;-131.95;0
53.4983;-131.5022;0
53.4593;-131.4892;0
47.4983;-70.1391;0
53.4675;-131.4921;0
53.4752;-131.4915;0
52.8686;-132.6112;0
48.0514;-66.5567;0
50.0109;-130.3497;0
45.9478;-74.862;0
49.4155;-127.0913;0
64.8793;-87.7594;0
48.5395;-122.0062;0
48.5786;-122.0113;0
61.536;-141.4997;0
48.7854;-121.7938;0
47.5223;-70.3018;0
47.5971;-70.2141;0
53.9202;-132.4528;0
50.5505;-127.8523;0
52.9694;-127.1391;0
49.1481;-127.9313;0
45.4789;-75.3997;0
48.5907;-123.0912;0
43.7828;-79.0909;0
48.4865;-123.6593;0
50.4864;-130.2495;0
52.7416;-132.3793;0
52.763;-132.3698;0
53.1349;-131.9217;0
46.8218;-79.352;0
52.7409;-132.9481;0
46.8516;-78.9117;0
49.6002;-66.5847;0
49.6089;-127.3848;0
52.917;-132.5108;0
49.7196;-127.3236;0
49.6973;-127.3086;0
52.7648;-132.3776;0
51.3401;-131.0198;0
52.1158;-131.2537;0
51.4008;-130.7586;0
47.7225;-70.028;0
51.4698;-130.7792;0
51.3826;-130.7991;0
51.538;-130.75;0
51.4456;-130.7744;0
51.4978;-130.7662;0
51.5041;-130.7699;0
62.8841;-143.9268;0
61.088;-131.0151;0
52.6317;-132.1123;0
71.4986;-75.155;0
51.4981;-130.8842;0
51.3941;-131.0485;0
52.6869;-131.9219;0
51.48;-130.7773;0
51.5245;-130.7598;0
51.3193;-131.0856;0
51.3463;-131.0503;0
54.6262;-132.8578;0
49.229;-127.5954;0
45.5812;-75.2941;0
59.0118;-136.0878;0
48.5401;-122.6092;0
44.4297;-77.5039;0
47.5023;-122.1306;0
51.7598;-131.6768;0
46.9242;-77.4296;0
52.5996;-132.0279;0
46.7219;-77.4627;0
47.9728;-70.0945;0
48.6875;-125.0039;0
48.2293;-122.8907;0
53.2609;-133.0523;0
48.9433;-122.1577;0
51.1387;-130.7003;0
50.2858;-129.8393;0
48.4955;-123.2282;0
49.0798;-66.4926;0
44.416;-77.5073;0
60.3242;-75.8563;0
59.3017;-136.6956;0
50.5446;-130.2335;0
48.9183;-122.8693;0
51.8907;-131.8534;0
44.4343;-77.462;0
50.5966;-128.2055;0
50.5805;-130.2403;0
48.7526;-125.2633;0
50.0719;-127.9134;0
52.5466;-132.0098;0
58.3404;-142.4285;0
53.8415;-132.7559;0
50.745;-122.8872;0
51.8019;-131.6088;0
51.7357;-131.7014;0
53.4629;-132.7484;0
58.2817;-133.335;0
51.8444;-131.5599;0
48.4043;-122.8279;0
48.4047;-123.2824;0
73.4548;-85.6375;0
43.9037;-78.6839;0
53.8889;-132.1809;0
51.3491;-130.9943;0
54.8562;-132.9162;0
52.757;-132.2759;0
47.4124;-70.0613;0
49.1389;-127.9123;0
49.3016;-122.3509;0
52.5919;-132.1912;0
58.212;-133.4465;0
50.0403;-64.8488;0
50.6382;-125.9713;0
60.941;-58.3006;0
49.9231;-65.4577;0
48.7416;-129.1809;0
52.5097;-131.8892;0
49.487;-127.7229;0
49.7738;-127.3208;0
52.8967;-132.5012;0
52.9011;-132.5001;0
54.0166;-133.7367;0
48.6593;-124.8884;0
52.7627;-132.3172;0
49.488;-128.4941;0
53.5816;-133.1194;0
49.5666;-66.9334;0
49.5042;-127.4068;0
42.0073;-80.7795;0
42.0073;-80.7795;0
48.4824;-121.8403;0
51.3491;-131.2969;0
49.5474;-66.9265;0
49.2528;-127.9343;0
46.3158;-75.6336;0
50.2419;-127.8312;0
62.1469;-71.9964;0
45.3225;-79.9213;0
46.8863;-71.4414;0
52.522;-121.7305;0
50.191;-130.3038;0
50.2229;-130.2801;0
53.2324;-132.7396;0
52.8607;-132.5302;0
50.0702;-130.4321;0
62.0856;-135.2606;0
59.7565;-136.4797;0
50.1997;-127.83;0
50.166;-130.2739;0
50.239;-130.1697;0
60.0929;-130.2512;0
52.9975;-132.6422;0
51.0738;-62.9399;0
50.2548;-130.1453;0
50.5819;-130.3325;0
50.5845;-130.3553;0
50.5142;-130.4167;0
47.532;-70.0417;0
53.5125;-133.1793;0
58.3178;-142.3622;0
48.4523;-123.2827;0
50.5733;-130.208;0
43.2248;-79.8242;0
66.6945;-135.5656;0
49.4931;-127.1124;0
64.1282;-137.1576;0
58.2786;-133.3891;0
52.5263;-131.8968;0
47.6658;-70.1548;0
53.1991;-132.045;0
48.8297;-92.9812;0
53.9784;-133.9293;0
49.3741;-127.9437;0
48.8623;-68.4097;0
51.8051;-119.6528;0
59.5449;-136.109;0
52.251;-120.0583;0
59.7272;-138.9235;0
52.8641;-132.4826;0
52.0224;-131.9508;0
47.331;-70.1095;0
50.5916;-130.3396;0
50.6084;-130.3304;0
50.5816;-130.4011;0
50.603;-130.3332;0
50.5886;-130.4089;0
47.44;-70.4096;0
49.9882;-128.1066;0
47.5985;-69.9901;0
52.5904;-132.0476;0
47.6731;-69.8032;0
50.1767;-60.7918;0
42.12;-72.85;0
59.1927;-136.2669;0
57.16;-126.672;0
49.251;-126.7687;0
47.6184;-69.9101;0
73.4031;-94.9988;0
50.8486;-130.6189;0
47.6558;-69.8881;0
51.0241;-130.5852;0
49.9734;-127.7597;0
49.9637;-127.739;0
54.2469;-119.1502;0
49.9877;-127.7881;0
48.8401;-128.7277;0
52.4773;-131.8033;0
48.9532;-121.9375;0
47.5479;-70.0456;0
47.601;-69.9404;0
49.9774;-127.748;0
49.0547;-123.3231;0
48.8927;-125.8063;0
46.9473;-71.5371;0
49.3744;-67.2149;0
72.8628;-73.3457;0
50.5755;-130.3784;0
55.4824;-119.6464;0
52.042;-131.4412;0
47.4135;-70.0935;0
49.9808;-127.7133;0
53.3609;-131.4297;0
49.5625;-128.3519;0
48.7707;-128.6572;0
47.647;-69.91;0
46.1481;-76.9756;0
51.6319;-125.7631;0
50.7483;-123.9219;0
65.3016;-142.1361;0
47.7187;-70.217;0
46.4562;-76.4667;0
49.2537;-123.6406;0
50.2369;-127.8066;0
49.4281;-128.4273;0
52.912;-132.5224;0
49.1165;-125.5747;0
52.7475;-132.3221;0
48.4196;-124.932;0
49.419;-116.7322;0
53.2335;-132.8646;0
47.3884;-70.1269;0
47.604;-70.1751;0
52.2363;-132.1065;0
48.5603;-125.8064;0
51.1616;-131.1686;0
47.4066;-70.2311;0
47.5919;-122.3604;0
47.5729;-70.2561;0
49.2865;-125.6819;0
48.6564;-129.1744;0
60.5443;-59.0322;0
48.4657;-123.4235;0
53.8558;-133.4002;0
50.0614;-127.9121;0
60.0214;-139.9436;0
48.3131;-123.3495;0
58.8881;-134.3601;0
48.6697;-123.2781;0
50.8778;-130.5517;0
52.7477;-132.3363;0
65.1969;-133.4885;0
49.573;-126.5333;0
52.7648;-132.34;0
45.5921;-79.7148;0
46.4288;-72.7778;0
61.3711;-139.7541;0
52.2315;-131.5131;0
47.3279;-70.4945;0
51.8787;-93.0617;0
53.2262;-132.7502;0
49.5348;-65.6008;0
60.4422;-141.5834;0
48.8551;-122.4219;0
60.4884;-141.5331;0
49.5755;-65.9;0
46.9102;-70.7706;0
53.1593;-133.128;0
47.0534;-66.56;0
48.4675;-123.1458;0
48.4781;-123.1722;0
48.479;-123.1529;0
54.3596;-131.6112;0
48.4404;-125.0774;0
48.4456;-125.0579;0
48.4384;-125.0875;0
51.8555;-92.7212;0
43.5467;-75.2629;0
58.337;-133.5669;0
52.261;-131.4738;0
64.4885;-87.1432;0
50.0881;-128.0123;0
45.7285;-74.153;0
49.2381;-66.7059;0
61.7201;-141.9457;0
58.2697;-133.6611;0
46.3344;-77.0913;0
47.7295;-70.1223;0
49.0288;-66.4639;0
51.6914;-93.1623;0
49.5775;-127.2337;0
45.2314;-73.9049;0
48.0223;-65.6828;0
47.431;-70.1579;0
61.7767;-141.8231;0
49.5436;-66.953;0
61.6753;-142.1679;0
61.7232;-141.4391;0
50.2043;-60.7653;0
49.9851;-127.7739;0
61.7634;-141.6555;0
47.5402;-70.1848;0
53.5177;-131.8581;0
53.865;-132.3278;0
61.7739;-141.297;0
58.3299;-133.589;0
45.4072;-67.5955;0
58.2007;-133.6584;0
58.2972;-133.6499;0
58.2667;-133.6826;0
58.089;-133.7917;0
50.6518;-129.0979;0
58.2717;-133.6295;0
48.5683;-114.5616;0
58.2605;-133.6698;0
58.3216;-133.5877;0
58.2003;-133.8052;0
57.9136;-133.9067;0
58.0705;-133.8145;0
49.9915;-130.2033;0
52.6335;-132.9498;0
47.8665;-122.4386;0
47.0739;-76.4567;0
47.4398;-70.1851;0
48.9173;-123.061;0
50.7266;-130.5492;0
58.3446;-133.5861;0
58.2889;-133.6094;0
58.3533;-133.5804;0
57.9679;-133.9045;0
54.272;-134.3955;0
52.4731;-131.7256;0
53.006;-132.7094;0
58.2719;-133.6606;0
47.4641;-122.8756;0
58.2977;-133.608;0
50.2255;-127.8613;0
58.319;-133.5554;0
57.4932;-134.2104;0
58.2082;-133.5802;0
58.1593;-133.661;0
58.2776;-133.6479;0
52.4672;-131.8021;0
53.9876;-132.3248;0
58.2599;-133.6578;0
45.7374;-75.0245;0
48.9949;-122.2632;0
50.168;-127.8765;0
49.2473;-123.6187;0
47.543;-70.2759;0
49.5751;-122.5509;0
49.0614;-122.2374;0
58.7411;-134.0771;0
47.4784;-69.9763;0
53.8789;-132.4265;0
51.0406;-124.2346;0
58.362;-133.5837;0
47.4227;-70.3538;0
58.2334;-133.6689;0
48.8049;-128.649;0
51.9276;-131.3025;0
65.9304;-90.7155;0
58.3085;-133.5882;0
58.2282;-133.6634;0
49.8773;-124.3707;0
52.685;-132.2817;0
57.1807;-126.6372;0
49.3399;-123.2284;0
58.1702;-133.6576;0
58.3087;-133.6212;0
52.6864;-132.2273;0
49.5302;-126.9026;0
58.2874;-133.6858;0
47.503;-69.9507;0
50.4225;-130.1824;0
58.1432;-133.7076;0
65.2338;-134.7187;0
49.4886;-66.8995;0
48.7326;-123.3328;0
48.1928;-122.664;0
53.9518;-132.3099;0
47.6732;-70.0553;0
45.3448;-75.3033;0
52.8346;-132.5426;0
49.3895;-127.1819;0
58.4891;-133.4807;0
50.9792;-130.6345;0
58.2619;-133.6352;0
46.9154;-75.8527;0
53.9524;-132.308;0
52.5494;-132.1135;0
52.5681;-132.0853;0
48.7925;-128.5995;0
48.7925;-128.5142;0
47.5621;-71.0636;0
47.5506;-71.0777;0
47.5489;-71.0802;0
47.556;-71.076;0
53.942;-132.3428;0
47.665;-65.9375;0
49.3277;-127.4951;0
47.6019;-70.2817;0
53.0909;-132.2643;0
48.7881;-129.4476;0
45.3563;-75.2905;0
51.8519;-92.8451;0
49.2428;-121.79;0
49.2257;-121.7899;0
60.3798;-142.2221;0
45.96;-74.836;0
51.8812;-92.6655;0
53.9238;-132.3989;0
47.8035;-69.8122;0
48.9905;-123.6136;0
64.3352;-134.1835;0
49.2598;-123.6341;0
58.7406;-134.1113;0
50.5626;-127.2342;0
49.8589;-126.1914;0
48.7836;-125.0539;0
53.5743;-133.2131;0
59.2535;-136.5584;0
58.322;-133.5328;0
58.2738;-133.6236;0
46.6834;-65.7767;0
52.5752;-132.1584;0
49.7642;-127.3008;0
48.1057;-122.8647;0
47.5314;-70.0724;0
47.0849;-75.31;0
47.8963;-122.4541;0
58.8331;-136.8505;0
51.3065;-125.0078;0
49.6379;-122.4986;0
52.5396;-131.9655;0
52.88;-132.0992;0
52.8797;-132.101;0
52.7305;-132.2228;0
49.4659;-126.8475;0
47.6519;-69.8937;0
52.9139;-132.5505;0
47.461;-128.8174;0
65.2644;-133.4362;0
53.0946;-133.336;0
50.6623;-127.7141;0
50.5132;-125.0981;0
48.8911;-121.6221;0
51.048;-130.7093;0
51.8024;-131.6019;0
70.8755;-72.476;0
53.8872;-132.4327;0
53.8756;-132.4457;0
53.8815;-132.4351;0
47.6059;-70.2255;0
48.6516;-123.0327;0
74.539;-85.4446;0
54.0065;-132.2716;0
53.9936;-132.2717;0
54.0132;-132.3154;0
48.6757;-122.0565;0
52.5419;-131.9011;0
43.4747;-75.244;0
54.0862;-131.6667;0
51.1026;-66.4126;0
53.9476;-132.0726;0
50.9092;-126.675;0
48.9836;-125.3913;0
53.0235;-132.769;0
61.9525;-132.819;0
48.9815;-67.5004;0
54.6344;-133.8422;0
47.724;-69.9393;0
50.5477;-67.5969;0
50.236;-82.3725;0
53.0222;-131.1092;0
49.2002;-123.6313;0
48.8364;-124.6095;0
53.003;-132.7119;0
49.6859;-127.7409;0
49.4256;-66.4779;0
49.4772;-127.46;0
45.5953;-67.657;0
54.0489;-132.3449;0
54.0448;-132.3687;0
52.4609;-131.9566;0
42.6676;-62.2204;0
46.5696;-76.7665;0
52.754;-132.3029;0
47.2128;-70.7043;0
53.8864;-132.4801;0
61.8665;-124.1194;0
49.3626;-127.7487;0
62.0906;-133.8319;0
51.0299;-130.4841;0
46.9084;-76.5041;0
52.9663;-132.8266;0
48.8969;-123.2536;0
49.5056;-126.8903;0
53.4955;-133.3192;0
65.2966;-133.7892;0
48.4653;-68.6832;0
47.4354;-70.3777;0
48.8883;-122.0522;0
49.618;-126.7067;0
51.1588;-131.1216;0
58.2631;-133.6356;0
58.289;-133.6212;0
50.4639;-130.2001;0
47.4605;-70.0138;0
58.2918;-133.5896;0
52.8485;-132.4435;0
49.7265;-123.5975;0
51.7247;-131.8176;0
58.1334;-133.685;0
58.1492;-133.7977;0
58.2821;-133.6524;0
58.3029;-133.5713;0
51.7738;-131.7987;0
58.2923;-133.6087;0
58.2695;-133.6227;0
58.39;-133.5334;0
58.268;-133.642;0
51.7999;-131.7029;0
48.9982;-126.1812;0
51.7683;-131.6294;0
58.1446;-133.6763;0
58.223;-133.6964;0
58.3148;-133.582;0
58.1616;-133.7503;0
58.2599;-133.6453;0
58.3397;-133.5803;0
47.8741;-70.0196;0
58.1993;-133.6727;0
51.9086;-118.0152;0
58.3156;-133.5758;0
48.3089;-125.2373;0
47.4158;-70.4439;0
48.3966;-122.3866;0
49.5206;-65.9626;0
51.8664;-128.5132;0
57.9209;-133.7925;0
49.83;-130.0065;0
49.8493;-130.0261;0
49.8504;-130.0248;0
59.5914;-138.8232;0
50.2858;-127.7348;0
49.4925;-126.133;0
49.4932;-126.1335;0
50.0717;-123.0338;0
47.4361;-70.3916;0
50.9823;-130.7146;0
52.5727;-132.0808;0
45.9556;-74.8646;0
48.8197;-123.1832;0
60.334;-136.875;0
60.2893;-136.8718;0
77.6639;-113.3603;0
77.79;-113.4401;0
47.7945;-69.9141;0
47.4237;-70.5118;0
50.4643;-130.082;0
48.8633;-125.6115;0
77.763;-113.3603;0
77.7594;-113.1103;0
48.5997;-124.8551;0
77.5331;-112.84;0
77.6041;-113.3202;0
66.8567;-135.9827;0
66.2793;-135.988;0
44.3325;-74.4618;0
46.1942;-74.9725;0
46.1803;-74.9932;0
46.1995;-75.0284;0
53.785;-132.0726;0
46.1941;-74.9697;0
52.6001;-132.1909;0
53.7838;-132.0732;0
48.482;-121.8318;0
62.0198;-124.1066;0
46.2042;-74.9876;0
51.327;-124.8659;0
46.1871;-74.9801;0
50.0277;-128.0118;0
46.1874;-74.9846;0
48.1152;-121.8339;0
48.9994;-124.852;0
48.259;-122.5483;0
52.6459;-132.1617;0
75.7773;-108.72;0
48.7204;-128.5152;0
62.6186;-144.5585;0
50.9412;-129.8931;0
44.3817;-75.1406;0
51.7941;-80.4256;0
53.7812;-132.1106;0
43.6248;-75.2762;0
49.3081;-127.9066;0
54.0507;-132.4809;0
48.942;-128.7028;0
47.5;-70.0527;0
77.6692;-113.3603;0
48.8644;-122.7214;0
48.8657;-122.7306;0
48.5391;-121.8022;0
53.2161;-132.8145;0
60.5098;-140.3773;0
48.6107;-124.2064;0
48.7989;-123.4083;0
53.4889;-133.2655;0
49.6525;-66.9562;0
61.2381;-71.5361;0
52.7586;-132.2924;0
64.9844;-88.4385;0
50.7047;-93.431;0
50.624;-93.4697;0
50.6824;-93.4531;0
50.6834;-93.4413;0
50.6595;-93.4505;0
49.9939;-127.7465;0
47.4246;-70.362;0
52.7727;-132.3427;0
50.6498;-125.9645;0
52.7835;-132.4542;0
47.5054;-70.3569;0
43.7876;-77.823;0
52.8661;-132.4289;0
49.5145;-127.3837;0
52.4677;-131.7911;0
47.6024;-70.2176;0
47.5863;-70.1936;0
47.9446;-69.7373;0
50.219;-127.7777;0
52.497;-131.9974;0
53.2301;-133.0314;0
66.269;-135.1321;0
53.5959;-133.1878;0
50.1947;-127.8296;0
47.5503;-70.2296;0
47.2322;-77.8437;0
47.7727;-70.1078;0
55.3407;-134.8338;0
46.1862;-75.0059;0
50.5623;-130.2548;0
56.456;-120.8121;0
49.8579;-130.1091;0
47.7884;-69.9283;0
47.4218;-70.438;0
46.5193;-74.6516;0
56.4194;-120.7781;0
47.0394;-75.9465;0
47.6466;-69.9823;0
48.8221;-125.4303;0
48.4416;-122.9732;0
50.5443;-130.3375;0
53.9408;-131.7582;0
47.506;-70.104;0
48.7693;-124.7694;0
49.5807;-67.5316;0
51.3487;-131.0336;0
47.7219;-70.0674;0
51.5864;-115.4646;0
59.4608;-138.3177;0
46.778;-76.188;0
47.8228;-124.8747;0
53.9158;-131.7408;0
47.6327;-70.1781;0
53.9021;-132.4479;0
53.6575;-131.7668;0
53.0011;-132.6997;0
52.6626;-132.6289;0
48.8907;-125.9084;0
53.9428;-132.4223;0
47.8393;-123.1521;0
49.9029;-130.0524;0
49.916;-130.0484;0
41.6743;-73.6339;0
44.5763;-67.5422;0
58.8985;-136.2471;0
48.588;-124.8678;0
81.8196;-112.1681;0
49.4382;-65.8961;0
52.6272;-132.2727;0
51.1352;-131.0875;0
51.3198;-125.0481;0
48.7834;-123.7552;0
71.191;-136.9355;0
50.5938;-125.1933;0
49.9616;-128.1734;0
50.0267;-128.1796;0
59.8142;-137.1017;0
48.9473;-129.9887;0
48.9819;-120.7109;0
49.6475;-127.0663;0
46.0317;-75.809;0
48.9864;-123.519;0
48.7348;-128.7657;0
59.6428;-138.6545;0
50.51;-130.3245;0
48.7655;-125.41;0
51.2408;-124.8106;0
49.3916;-129.4152;0
47.437;-70.1765;0
49.3835;-127.227;0
51.6909;-131.0805;0
48.6026;-121.5038;0
47.4827;-70.1045;0
47.4261;-70.0512;0
52.773;-132.4684;0
52.6354;-132.1797;0
52.5682;-130.898;0
64.6571;-133.0191;0
73.2132;-89.4181;0
49.5142;-127.1687;0
58.5635;-136.9346;0
49.0517;-122.8923;0
49.8877;-128.0281;0
47.5892;-69.9861;0
46.7823;-78.6855;0
62.4378;-82.1308;0
47.7377;-69.9083;0
50.2081;-127.7296;0
48.9952;-67.1015;0
49.858;-123.8691;0
44.4015;-74.9214;0
49.4523;-129.3733;0
49.0875;-67.9105;0
53.5218;-133.2194;0
47.4264;-70.0393;0
54.304;-134.2468;0
54.3019;-134.2058;0
49.8937;-123.8555;0
49.8863;-123.8594;0
52.5426;-131.0239;0
49.2242;-122.4246;0
56.2917;-120.8206;0
49.1681;-126.8315;0
53.6661;-133.2468;0
48.6074;-68.7878;0
49.6205;-126.9393;0
51.6151;-89.8479;0
60.3915;-139.3725;0
49.3711;-127.039;0
47.7825;-69.8671;0
49.5646;-127.1334;0
53.2737;-131.8324;0
49.4969;-65.5672;0
61.4195;-61.1022;0
47.134;-76.8245;0
46.1801;-75.0365;0
49.2243;-66.2508;0
49.5653;-127.0845;0
47.4897;-70.0771;0
50.6166;-66.1538;0
49.1797;-126.8179;0
48.9903;-66.2931;0
50.5263;-125.1054;0
50.067;-123.8705;0
48.8229;-125.2604;0
47.7822;-69.8372;0
49.7256;-125.775;0
44.002;-77.4177;0
49.5905;-66.3719;0
58.591;-133.5116;0
44.4041;-69.519;0
49.0608;-125.6157;0
47.5404;-69.9996;0
49.145;-129.3024;0
47.4986;-70.3905;0
49.3303;-125.8033;0
48.5918;-68.591;0
52.1806;-131.7087;0
53.8694;-132.5199;0
47.5418;-70.2595;0
47.393;-74.3503;0
77.5696;-113.24;0
48.4252;-123.2234;0
47.7637;-69.761;0
66.4074;-135.853;0
52.9238;-132.5611;0
51.6817;-131.0861;0
53.8589;-132.4098;0
47.8723;-121.9951;0
49.7012;-127.1116;0
50.7754;-121.9087;0
48.7233;-125.2603;0
47.4794;-70.371;0
49.0895;-66.761;0
59.9639;-144.0407;0
50.7307;-121.8217;0
49.7195;-123.5834;0
49.5246;-127.6086;0
54.2995;-134.3328;0
58.385;-133.4896;0
47.4223;-70.443;0
58.2044;-133.5323;0
52.8638;-132.4148;0
47.6837;-70.0543;0
53.8279;-132.2444;0
53.8463;-132.5461;0
49.0384;-90.7302;0
50.0587;-66.0061;0
47.7706;-122.7172;0
51.3587;-124.6286;0
50.225;-129.8145;0
50.2184;-129.8212;0
47.8832;-124.3306;0
52.7623;-132.2663;0
48.284;-122.8585;0
48.7512;-120.0742;0
53.8424;-132.2278;0
53.8207;-132.234;0
53.8329;-132.2514;0
49.9649;-127.7808;0
52.7658;-132.2771;0
47.4383;-70.0064;0
47.4349;-69.9935;0
52.7834;-132.4503;0
50.431;-123.6921;0
49.457;-125.4882;0
52.5738;-132.0047;0
52.7714;-132.3376;0
66.7109;-136.3831;0
53.8636;-132.4909;0
52.2296;-131.7223;0
52.2473;-131.8455;0
49.6677;-127.3351;0
53.5375;-133.3353;0
47.4907;-70.3732;0
47.5698;-70.0735;0
43.9892;-73.227;0
60.961;-118.2224;0
49.6492;-127.8328;0
48.5074;-78.6504;0
47.5466;-70.2048;0
54.6556;-134.7664;0
46.5295;-77.2154;0
50.213;-127.7438;0
50.9121;-126.7358;0
47.4898;-69.9776;0
47.7493;-80.5733;0
52.7421;-132.431;0
52.7454;-132.2992;0
53.2299;-132.7602;0
48.0831;-123.1047;0
52.6702;-132.3912;0
50.1301;-127.8231;0
50.1173;-127.856;0
47.5321;-70.1676;0
52.557;-132.1099;0
48.0127;-114.0342;0
56.2805;-120.9156;0
47.7635;-122.8472;0
47.4746;-70.3214;0
49.4886;-128.2454;0
53.9009;-132.4117;0
51.6529;-131.6084;0
47.4398;-123.1464;0
48.8633;-67.2567;0
47.4879;-69.9772;0
53.166;-132.8302;0
51.1559;-124.9757;0
52.5793;-131.9945;0
50.5791;-128.9441;0
48.1673;-122.7727;0
52.4467;-131.9483;0
50.4938;-130.4837;0
50.5504;-130.3633;0
47.7025;-70.0658;0
50.5363;-130.272;0
50.5319;-130.301;0
50.955;-124.3448;0
60.7512;-139.6401;0
47.4734;-70.0372;0
50.2;-127.7397;0
50.7675;-121.6698;0
53.4824;-133.2789;0
53.4933;-133.2422;0
53.5123;-133.1665;0
53.4982;-133.2156;0
53.4853;-133.241;0
53.4997;-133.2244;0
53.5667;-133.2479;0
50.7468;-130.4978;0
50.5314;-130.2355;0
46.1025;-74.8635;0
53.8628;-132.4159;0
53.5059;-133.1872;0
47.4196;-70.4229;0
57.2716;-142.869;0
52.5046;-131.8832;0
52.5034;-131.8817;0
54.0089;-133.708;0
48.9925;-67.7781;0
47.3556;-70.5239;0
46.7418;-76.4098;0
49.3672;-127.9051;0
49.3853;-127.8898;0
47.6118;-70.203;0
80.4692;-112.9383;0
61.6255;-127.7835;0
52.624;-132.1294;0
53.4959;-133.2402;0
50.4786;-125.1177;0
48.2242;-121.6446;0
49.2522;-122.414;0
53.4936;-133.2222;0
45.8279;-74.9296;0
48.6276;-129.0924;0
50.9837;-130.8197;0
51.0709;-130.6743;0
51.1075;-130.6432;0
53.6183;-118.875;0
49.0718;-125.8824;0
48.5876;-123.0434;0
52.6658;-132.2218;0
44.4278;-77.4985;0
53.0166;-133.2212;0
49.4968;-127.1676;0
46.3057;-75.1364;0
44.424;-77.5203;0
44.418;-77.571;0
47.9964;-128.9942;0
45.0973;-74.019;0
48.8617;-122.2531;0
49.9321;-124.2728;0
48.5876;-123.0525;0
49.0665;-126.1903;0
51.0311;-126.5442;0
45.3109;-74.0036;0
52.8863;-132.6209;0
52.7638;-116.1871;0
47.587;-70.3099;0
52.7578;-116.1864;0
50.1053;-127.9172;0
49.5247;-66.4192;0
52.9195;-132.5271;0
48.3572;-123.284;0
52.9236;-132.5174;0
50.5782;-130.428;0
47.4637;-70.0874;0
48.2358;-124.959;0
45.8003;-75.3708;0
52.764;-116.2128;0
49.1375;-126.1843;0
47.9992;-122.8858;0
52.6761;-80.2913;0
54.0608;-132.676;0
49.0175;-125.6707;0
49.0468;-67.4814;0
43.6306;-78.3606;0
49.1352;-126.5961;0
50.3229;-115.9659;0
52.5303;-131.9146;0
52.5312;-131.9151;0
46.2843;-76.9026;0
47.3835;-70.448;0
51.627;-130.8575;0
49.9911;-127.7599;0
50.4958;-128.9621;0
50.4904;-128.9629;0
49.479;-127.0152;0
55.1104;-133.4208;0
50.9564;-127.3414;0
47.7959;-123.124;0
50.5852;-130.3788;0
53.0875;-133.1234;0
47.5907;-69.9976;0
50.6871;-93.4343;0
51.8286;-125.773;0
47.4385;-70.3539;0
53.8704;-132.4229;0
48.9125;-121.8863;0
49.2672;-122.4078;0
49.0584;-125.6437;0
49.054;-125.6389;0
47.4657;-70.0913;0
53.1499;-133.2614;0
47.551;-122.3521;0
47.4371;-70.2131;0
50.3403;-64.2476;0
49.2736;-127.9669;0
52.0394;-89.9407;0
50.0334;-128.0318;0
48.943;-122.7137;0
47.0792;-76.5275;0
47.5905;-69.998;0
49.191;-114.0567;0
47.8543;-123.059;0
71.3102;-90.0237;0
47.4467;-70.0392;0
48.0786;-122.9081;0
43.6851;-71.3793;0
53.4383;-131.5281;0
49.6302;-127.4616;0
48.6824;-123.1843;0
48.5991;-123.0953;0
52.5166;-131.9384;0
52.5143;-131.9292;0
50.6037;-130.4271;0
47.4218;-70.4405;0
46.8757;-66.8684;0
53.2828;-133.1331;0
47.5862;-70.3082;0
50.8333;-130.5303;0
49.5593;-127.0169;0
54.0413;-132.4601;0
48.5974;-124.9991;0
50.4283;-130.1818;0
50.4283;-130.1818;0
46.1476;-74.6891;0
53.872;-133.4994;0
47.5848;-69.9517;0
57.5837;-126.5379;0
47.6078;-69.9741;0
47.6021;-70.243;0
41.9272;-80.7833;0
50.5309;-130.2086;0
50.193;-127.7767;0
52.8732;-132.5119;0
52.8703;-132.4953;0
53.863;-133.444;0
51.3375;-130.9657;0
51.4651;-130.6586;0
47.4006;-70.4147;0
45.9426;-74.1571;0
53.8517;-131.5624;0
60.2586;-141.7111;0
63.2888;-130.1293;0
60.2425;-141.7038;0
45.8209;-77.3546;0
45.6391;-75.2021;0
50.0116;-64.6576;0
50.5002;-121.523;0
49.3046;-128.3519;0
46.5096;-75.0945;0
47.3846;-70.2542;0
60.6454;-137.0071;0
47.5862;-122.3863;0
50.0585;-127.7053;0
53.4917;-133.2447;0
49.0714;-125.6052;0
47.2841;-70.2181;0
46.0715;-74.7996;0
49.1259;-67.5372;0
49.6214;-66.8561;0
48.8988;-121.8471;0
49.7224;-123.5766;0
52.5968;-132.0305;0
50.5729;-130.311;0
44.7867;-73.2382;0
50.5159;-130.1532;0
48.4642;-123.2673;0
53.9382;-131.7176;0
48.4119;-128.7356;0
48.2685;-121.881;0
48.3556;-122.6726;0
63.2406;-128.6782;0
48.9852;-123.5205;0
53.9328;-131.6827;0
53.9401;-131.7775;0
53.9542;-131.753;0
53.9855;-131.7582;0
53.9443;-131.7756;0
53.1473;-132.7813;0
53.2931;-133.1125;0
53.2825;-133.1136;0
48.3041;-122.8132;0
47.8603;-122.9433;0
50.5907;-128.9667;0
48.9876;-123.5158;0
53.273;-133.1441;0
48.4774;-123.2879;0
48.6161;-124.973;0
48.2713;-122.5627;0
47.6202;-69.7679;0
54.0553;-131.7902;0
47.1285;-76.4993;0
47.6184;-70.2367;0
61.5723;-124.2686;0
49.7305;-127.2265;0
47.4764;-70.06;0
49.4054;-114.7476;0
47.6879;-70.0709;0
48.2642;-122.5622;0
48.8705;-123.4641;0
47.4218;-70.0589;0
47.6608;-69.9274;0
46.089;-75.2442;0
72.3343;-74.2652;0
50.0634;-130.2073;0
58.798;-138.7705;0
46.0468;-76.2785;0
66.5473;-135.9102;0
47.6775;-121.8499;0
48.0043;-123.1894;0
49.4088;-119.6316;0
49.6608;-81.4126;0
66.0098;-141.0103;0
49.9789;-127.7596;0
46.1976;-74.9612;0
42.762;-74.068;0
47.2329;-70.6147;0
50.1102;-127.8765;0
48.5306;-122.5447;0
45.0215;-74.0264;0
46.3418;-77.9649;0
64.5488;-88.3907;0
52.0933;-115.0995;0
65.2668;-134.1292;0
52.2974;-131.3685;0
47.907;-122.2298;0
49.8713;-126.6729;0
49.2946;-65.7;0
47.8571;-122.2139;0
47.9128;-122.218;0
49.9004;-65.7409;0
46.3664;-76.9858;0
42.8212;-79.8205;0
49.3016;-128.8611;0
77.54;-112.7602;0
49.2234;-128.8646;0
50.5988;-130.3845;0
49.7895;-127.6678;0
49.8234;-127.6507;0
45.7374;-75.2999;0
48.4712;-123.2592;0
48.4655;-123.2759;0
82.0693;-77.2111;0
50.5593;-130.3623;0
53.1171;-132.7401;0
65.5137;-134.1825;0
62.4078;-75.1439;0
65.9418;-90.9807;0
50.1691;-127.8403;0
56.3829;-131.0719;0
59.8864;-56.0378;0
53.7167;-131.8792;0
77.5527;-112.8801;0
80.3598;-109.0402;0
63.0974;-66.722;0
49.2493;-123.6328;0
80.8764;-116.4801;0
49.2523;-123.6295;0
71.4563;-97.4943;0
63.0765;-66.917;0
47.6733;-70.1632;0
49.6491;-123.7312;0
48.7911;-125.0525;0
47.5372;-122.6747;0
49.9819;-127.8579;0
53.4061;-133.2316;0
50.5805;-127.6875;0
49.1545;-128.1539;0
50.1213;-127.7823;0
47.5493;-70.3671;0
48.2644;-122.5741;0
49.2275;-127.9144;0
50.3689;-130.1812;0
53.9023;-132.4419;0
53.9114;-132.467;0
49.6056;-66.6227;0
48.7704;-123.3126;0
46.8289;-78.8719;0
61.8639;-135.9164;0
48.7607;-121.5905;0
61.9194;-69.2938;0
48.5109;-123.4553;0
53.4103;-129.1076;0
50.4699;-127.4789;0
47.4149;-70.203;0
54.1446;-133.6913;0
50.2213;-127.7776;0
49.3439;-127.6279;0
49.2431;-127.9431;0
50.7813;-130.4943;0
50.7776;-130.4911;0
49.9775;-127.8208;0
50.7218;-130.5248;0
50.7231;-130.5412;0
46.6798;-74.3299;0
50.7562;-130.5244;0
49.9424;-65.4533;0
47.9976;-70.7173;0
50.7638;-130.4456;0
50.7464;-130.4601;0
50.8041;-130.3805;0
50.7883;-130.3958;0
50.7859;-130.4142;0
50.7813;-130.4231;0
50.7885;-130.3866;0
50.7502;-130.456;0
50.7378;-130.5012;0
50.7977;-130.4574;0
50.7818;-130.362;0
50.7911;-130.4246;0
50.7878;-130.4853;0
50.8247;-130.407;0
49.243;-123.623;0
48.6329;-122.411;0
50.5646;-130.3558;0
50.4339;-130.102;0
50.7871;-130.3832;0
50.3856;-130.2;0
50.4225;-130.1612;0
50.4129;-130.2042;0
50.3935;-130.2671;0
66.2511;-91.7695;0
66.2764;-91.7434;0
50.3747;-130.2807;0
50.4024;-130.2218;0
75.1704;-93.2865;0
50.7873;-130.4134;0
50.6228;-130.3141;0
50.5417;-129.1038;0
48.2805;-122.7783;0
50.7894;-130.4233;0
62.9408;-125.7012;0
65.0936;-138.9409;0
50.8168;-130.4162;0
50.7388;-130.498;0
47.0838;-76.4156;0
48.2884;-124.4057;0
50.7914;-130.4095;0
52.5678;-131.4424;0
42.6615;-55.6111;0
71.0688;-63.463;0
49.7001;-126.985;0
48.0942;-69.8119;0
58.5959;-137.1778;0
65.2756;-132.8459;0
70.2682;-143.0504;0
48.2361;-121.6604;0
48.8522;-119.2569;0
49.1314;-128.1404;0
67.2604;-94.9786;0
50.9932;-130.7861;0
51.0055;-130.7463;0
51.0606;-130.6922;0
51.1098;-130.6382;0
50.9531;-130.8288;0
51.0389;-117.906;0
49.7844;-123.4971;0
51.0758;-130.6466;0
50.8682;-131.0418;0
50.9526;-130.8428;0
50.7768;-130.4777;0
51.0251;-131.0789;0
51.0202;-130.7357;0
51.0259;-130.667;0
50.6915;-130.4473;0
51.0389;-130.7264;0
50.6192;-126.4044;0
51.0258;-130.5672;0
71.9781;-134.3057;0
50.4981;-123.8649;0
64.8775;-133.2309;0
50.9786;-130.8231;0
47.4872;-122.9174;0
52.9579;-132.7226;0
60.2504;-137.0605;0
59.5379;-139.0415;0
69.9204;-142.37;0
49.7976;-127.1902;0
48.9417;-124.4424;0
47.61;-124.4751;0
49.4496;-127.3175;0
47.4595;-70.0051;0
59.4549;-134.4555;0
49.0964;-120.9137;0
47.6884;-70.0838;0
63.1689;-130.4686;0
47.5236;-70.2134;0
49.6286;-66.9359;0
63.1046;-130.5866;0
65.2295;-138.9216;0
46.2881;-77.2635;0
58.7088;-136.8605;0
50.1359;-64.9119;0
48.1661;-124.6337;0
48.2716;-124.5937;0
49.2132;-120.8069;0
65.0965;-134.5036;0
48.1701;-124.6634;0
51.3677;-131.1588;0
49.0766;-122.6214;0
48.2733;-124.6737;0
47.4788;-70.283;0
48.8573;-129.0379;0
48.8685;-129.1033;0
53.8853;-131.7464;0
47.3995;-70.1735;0
49.0267;-129.4398;0
52.6918;-132.4883;0
50.2193;-127.8247;0
50.6495;-130.5448;0
47.5839;-69.9617;0
60.2424;-140.7816;0
47.4286;-70.311;0
48.9294;-129.7796;0
46.8565;-75.9984;0
48.9632;-122.7221;0
48.7042;-128.5942;0
48.7425;-128.6028;0
49.6732;-127.1785;0
47.6161;-123.5784;0
49.5989;-127.3646;0
47.5305;-70.2923;0
62.0191;-124.2804;0
52.5995;-131.9397;0
58.6144;-137.5091;0
63.0359;-68.8184;0
51.7982;-131.6188;0
53.2049;-132.8671;0
51.9526;-118.6591;0
49.4003;-127.7911;0
49.4003;-127.7911;0
50.3266;-64.9738;0
45.4846;-74.1638;0
48.7518;-128.5694;0
58.7618;-139.334;0
53.159;-132.8426;0
49.5298;-66.9103;0
59.7249;-135.8611;0
49.3384;-123.9415;0
50.5514;-130.3206;0
52.8123;-132.3852;0
50.2158;-64.8833;0
52.9725;-132.6682;0
47.7997;-122.5106;0
47.5355;-70.1665;0
47.4306;-121.6645;0
49.054;-125.606;0
47.5741;-70.1987;0
50.1707;-127.7755;0
50.1789;-64.8446;0
50.0883;-130.1042;0
49.2874;-67.8075;0
63.5428;-137.298;0
50.1776;-64.8998;0
53.2029;-132.8639;0
49.3216;-65.9752;0
45.1563;-79.8936;0
64.638;-136.8315;0
59.9239;-140.1026;0
47.4442;-70.0484;0
48.4708;-123.6794;0
49.0855;-66.4418;0
65.8752;-135.3077;0
47.4692;-70.1099;0
49.3187;-123.2278;0
57.1102;-143.2284;0
48.7379;-129.08;0
43.7513;-71.4942;0
48.7429;-123.1437;0
47.6029;-122.6173;0
70.9308;-66.3585;0
47.5889;-122.6138;0
47.4948;-70.1047;0
62.0556;-124.0433;0
53.8991;-131.7137;0
58.9175;-135.291;0
61.1684;-76.7455;0
49.5444;-90.9183;0
49.4837;-91.0021;0
49.4331;-127.3925;0
48.9746;-129.2757;0
50.6061;-130.4336;0
62.2858;-70.57;0
49.1121;-66.857;0
48.6734;-115.4746;0
52.6259;-132.2329;0
58.5797;-137.1372;0
52.6426;-132.3726;0
50.5938;-130.331;0
58.8665;-136.8816;0
72.1307;-91.9211;0
49.4349;-128.3517;0
48.9557;-129.3727;0
47.4893;-70.3656;0
49.2146;-67.7317;0
53.2105;-132.8461;0
50.1426;-93.1046;0
48.8643;-123.3731;0
59.0177;-135.0806;0
52.9593;-127.3037;0
52.7866;-127.2643;0
64.5447;-138.8936;0
54.5629;-130.9801;0
48.0728;-121.513;0
52.8873;-132.6193;0
48.8447;-129.0569;0
60.9244;-138.4492;0
52.2731;-132.1548;0
47.5486;-69.9615;0
61.7179;-141.1754;0
48.4555;-123.2245;0
49.6895;-91.8618;0
47.3119;-70.4363;0
52.6424;-132.0316;0
50.6098;-122.7082;0
47.7418;-120.2825;0
64.6304;-138.5565;0
51.2796;-90.7824;0
49.3169;-123.9646;0
48.7472;-128.8268;0
49.6273;-127.5959;0
52.6818;-132.2366;0
52.6687;-132.2755;0
49.001;-128.7516;0
47.4921;-70.4004;0
53.4849;-133.2097;0
49.7119;-65.7996;0
52.7826;-132.2942;0
48.7448;-128.8612;0
73.3437;-72.7359;0
47.5119;-70.4426;0
53.5691;-131.3626;0
52.7222;-132.2445;0
48.7394;-129.2774;0
47.7848;-124.3616;0
48.7707;-129.365;0
53.2107;-132.8642;0
72.0652;-76.0681;0
45.5797;-76.8786;0
50.105;-123.9374;0
46.4414;-74.4541;0
43.3656;-79.2325;0
59.5664;-138.9408;0
65.5195;-134.4716;0
48.5371;-122.5889;0
48.9369;-129.1626;0
52.4472;-131.8371;0
50.2248;-127.694;0
47.505;-121.672;0
51.5707;-120.4165;0
50.4723;-130.28;0
46.84;-78.925;0
46.84;-78.925;0
46.84;-78.925;0
46.84;-78.925;0
46.84;-78.925;0
46.84;-78.925;0
46.84;-78.925;0
46.84;-78.925;0
46.84;-78.925;0
46.84;-78.925;0
50.0096;-66.3352;0
46.84;-78.925;0
48.0419;-123.3773;0
46.84;-78.925;0
46.84;-78.925;0
48.6177;-125.9077;0
50.5839;-114.2126;0
46.84;-78.925;0
61.4423;-65.8178;0
50.2138;-123.6307;0
58.7764;-136.4729;0
47.3138;-79.4342;0
44.7574;-73.7049;0
47.4075;-129.3461;0
47.8048;-128.9442;0
47.6888;-129.0759;0
47.7425;-129.0372;0
47.6003;-129.1645;0
47.5984;-129.0638;0
47.5913;-129.1124;0
50.0931;-64.3568;0
47.692;-129.0264;0
47.6361;-129.1922;0
47.7348;-128.997;0
51.2138;-124.8458;0
47.6418;-129.0344;0
52.6628;-132.1966;0
46.84;-78.925;0
47.7033;-129.0697;0
60.8246;-138.8779;0
60.0239;-137.753;0
48.5953;-123.0864;0
50.4757;-130.3268;0
50.5413;-130.264;0
44.3145;-70.1722;0
48.9085;-128.5823;0
49.3769;-123.9149;0
49.1157;-129.2221;0
46.84;-78.925;0
46.056;-75.3143;0
46.84;-78.925;0
58.0681;-136.808;0
58.2713;-136.9859;0
58.1354;-136.7782;0
58.0769;-136.6572;0
58.0471;-136.793;0
62.2701;-66.5996;0
46.84;-78.925;0
47.3875;-70.2225;0
49.3988;-65.9078;0
58.1343;-136.6774;0
58.122;-136.7056;0
58.1966;-136.7555;0
48.6576;-125.8968;0
45.855;-73.5553;0
46.0197;-72.8169;0
49.5555;-66.7595;0
58.2251;-136.6901;0
58.5601;-143.5921;0
46.7483;-70.4963;0
47.8008;-122.9606;0
49.513;-65.7486;0
46.8725;-129.5559;0
47.4954;-69.9379;0
47.4104;-70.4834;0
48.8223;-125.1302;0
59.9249;-140.2197;0
47.6897;-69.8787;0
71.2336;-72.2248;0
59.9305;-140.1784;0
47.4651;-70.0277;0
50.0653;-91.9854;0
49.3577;-123.9772;0
47.4405;-70.2403;0
65.6694;-132.7588;0
48.4049;-120.2669;0
47.4916;-70.0771;0
47.559;-70.3636;0
50.0844;-64.5831;0
49.8309;-127.0442;0
45.5376;-74.3845;0
49.2166;-67.0134;0
54.2143;-133.9644;0
54.2435;-133.9779;0
49.2205;-120.8366;0
54.1506;-133.8748;0
61.1733;-76.1253;0
47.816;-69.9525;0
60.8342;-138.1584;0
48.6595;-125.8677;0
50.0272;-91.9458;0
46.9604;-76.2495;0
51.5707;-120.4165;0
50.4723;-130.28;0
46.84;-78.925;0
46.84;-78.925;0
46.84;-78.925;0
46.84;-78.925;0
46.84;-78.925;0
46.84;-78.925;0
46.84;-78.925;0
46.84;-78.925;0
46.84;-78.925;0
46.84;-78.925;0
50.0096;-66.3352;0
46.84;-78.925;0
48.0419;-123.3773;0
46.84;-78.925;0
46.84;-78.925;0
48.6177;-125.9077;0
50.5839;-114.2126;0
46.84;-78.925;0
61.4423;-65.8178;0
50.2138;-123.6307;0
58.7764;-136.4729;0
47.3138;-79.4342;0
44.7574;-73.7049;0
47.4075;-129.3461;0
47.8048;-128.9442;0
47.6888;-129.0759;0
47.7425;-129.0372;0
47.6003;-129.1645;0
47.5984;-129.0638;0
47.5913;-129.1124;0
50.0931;-64.3568;0
47.692;-129.0264;0
47.6361;-129.1922;0
47.7348;-128.997;0
51.2138;-124.8458;0
47.6418;-129.0344;0
52.6628;-132.1966;0
46.84;-78.925;0
47.7033;-129.0697;0
60.8246;-138.8779;0
60.0239;-137.753;0
48.5953;-123.0864;0
50.4757;-130.3268;0
50.5413;-130.264;0
44.3145;-70.1722;0
48.9085;-128.5823;0
49.3769;-123.9149;0
49.1157;-129.2221;0
46.84;-78.925;0
46.056;-75.3143;0
46.84;-78.925;0
58.0681;-136.808;0
58.2713;-136.9859;0
58.1354;-136.7782;0
58.0769;-136.6572;0
58.0471;-136.793;0
62.2701;-66.5996;0
46.84;-78.925;0
47.3875;-70.2225;0
49.3988;-65.9078;0
58.1343;-136.6774;0
58.122;-136.7056;0
58.1966;-136.7555;0
48.6576;-125.8968;0
45.855;-73.5553;0
46.0197;-72.8169;0
49.5555;-66.7595;0
58.2251;-136.6901;0
58.5601;-143.5921;0
46.7483;-70.4963;0
47.8008;-122.9606;0
49.513;-65.7486;0
46.8725;-129.5559;0
47.4954;-69.9379;0
47.4104;-70.4834;0
48.8223;-125.1302;0
59.9249;-140.2197;0
47.6897;-69.8787;0
71.2336;-72.2248;0
59.9305;-140.1784;0
47.4651;-70.0277;0
50.0653;-91.9854;0
49.3577;-123.9772;0
47.4405;-70.2403;0
65.6694;-132.7588;0
48.4049;-120.2669;0
47.4916;-70.0771;0
47.559;-70.3636;0
50.0844;-64.5831;0
49.8309;-127.0442;0
45.5376;-74.3845;0
49.2166;-67.0134;0
54.2143;-133.9644;0
54.2435;-133.9779;0
49.2205;-120.8366;0
54.1506;-133.8748;0
61.1733;-76.1253;0
47.816;-69.9525;0
60.8342;-138.1584;0
48.6595;-125.8677;0
50.0272;-91.9458;0
46.9604;-76.2495;0
48.658;-125.9186;0
58.0623;-136.6846;0
50.6144;-124.2976;0
47.4459;-70.2334;0
46.8336;-78.9053;0
59.2311;-136.4824;0
47.5776;-69.9493;0
47.4858;-70.4106;0
48.6552;-122.3054;0
49.5221;-66.7999;0
48.3995;-123.519;0
47.7766;-122.8021;0
46.8402;-78.9263;0
47.7716;-122.8247;0
50.4428;-130.1367;0
48.4894;-123.2359;0
71.9013;-75.5651;0
50.5289;-130.1902;0
44.6015;-70.4737;0
47.3873;-70.4873;0
49.4028;-127.8858;0
44.7659;-73.6932;0
52.5854;-132.0574;0
53.5049;-133.1931;0
48.1709;-122.4282;0
60.0123;-137.0349;0
50.5326;-130.3623;0
57.4726;-132.299;0
54.2339;-119.0639;0
65.4091;-85.3922;0
54.3062;-119.0074;0
49.8813;-123.8707;0
59.1876;-136.4663;0
47.5938;-70.0607;0
50.1889;-127.7512;0
46.6806;-75.0068;0
60.687;-57.3923;0
47.846;-116.5526;0
48.8296;-121.8153;0
48.6168;-122.6312;0
48.5711;-122.646;0
48.5701;-122.64;0
48.6163;-122.6331;0
47.9921;-129.0434;0
47.961;-129.0984;0
48.727;-125.8731;0
52.559;-132.2138;0
47.5385;-70.3979;0
49.6501;-127.2858;0
42.9908;-71.1773;0
52.7527;-132.2702;0
52.8445;-132.4786;0
50.079;-65.3619;0
53.6221;-133.176;0
50.0632;-129.8719;0
50.0386;-130.0606;0
52.5309;-132.2087;0
50.2384;-92.0904;0
61.9785;-140.8358;0
46.8041;-78.868;0
48.6827;-125.8983;0
47.748;-69.8967;0
52.246;-131.8393;0
46.8083;-76.4064;0
57.7873;-143.7449;0
52.3836;-131.983;0
52.7592;-119.2346;0
47.4351;-70.5411;0
47.5153;-70.2214;0
50.5934;-130.3765;0
49.6977;-68.352;0
43.2052;-78.87;0
50.5842;-130.3397;0
50.5874;-130.353;0
50.5863;-130.3698;0
50.6027;-130.3356;0
47.0001;-76.6879;0
70.7953;-80.5737;0
50.6046;-130.3236;0
47.7096;-69.8606;0
52.0374;-115.5368;0
48.7022;-128.5657;0
49.6369;-127.0898;0
58.17;-136.7421;0
53.8618;-132.2662;0
60.3308;-140.1375;0
49.1621;-129.0306;0
50.0197;-127.9295;0
52.7861;-132.4105;0
48.6656;-122.5314;0
50.4503;-130.1058;0
50.4427;-130.2021;0
50.4862;-130.1207;0
47.4945;-70.377;0
49.5892;-126.9327;0
60.334;-142.8967;0
50.7127;-91.9985;0
47.4026;-70.2874;0
51.1943;-124.4263;0
49.0417;-129.9826;0
60.8916;-59.156;0
48.3243;-69.2523;0
42.9993;-71.182;0
48.7252;-125.2595;0
60.7286;-138.802;0
60.4329;-139.2491;0
50.192;-127.7895;0
47.5909;-70.3781;0
47.3995;-70.4985;0
48.2119;-121.7473;0
49.6022;-67.23;0
46.8617;-77.3404;0
46.7096;-65.7169;0
48.4899;-123.4597;0
47.4164;-70.4407;0
47.7166;-70.0339;0
48.3085;-121.6421;0
46.0211;-75.4224;0
64.8847;-133.5123;0
64.864;-88.0025;0
53.8854;-132.2353;0
48.9498;-128.9578;0
52.8862;-132.5394;0
53.8727;-132.2819;0
47.5326;-70.0463;0
59.659;-55.1644;0
48.7447;-122.5354;0
50.0133;-127.8585;0
50.1532;-66.1025;0
49.5916;-66.8995;0
49.2476;-123.6165;0
47.4175;-70.4496;0
48.8905;-128.5787;0
52.5843;-132.0284;0
49.0144;-68.3404;0
46.1496;-73.9538;0
48.8895;-128.6405;0
48.1938;-69.9731;0
50.0948;-129.6032;0
49.048;-66.3626;0
53.8486;-133.368;0
47.7192;-122.4316;0
63.3835;-65.8391;0
46.8373;-78.8935;0
49.5641;-66.8757;0
46.0788;-74.7969;0
61.9947;-124.2102;0
47.0798;-69.9158;0
53.9209;-132.3869;0
50.3833;-120.6287;0
47.3832;-70.2622;0
52.3214;-132.0536;0
61.5038;-141.4298;0
46.9247;-70.9065;0
48.7407;-129.1916;0
46.8404;-78.918;0
49.0371;-125.4724;0
65.4246;-134.4499;0
45.9711;-75.4443;0
53.821;-132.5389;0
49.0707;-66.9913;0
66.3729;-135.6155;0
61.3456;-139.9794;0
49.5627;-126.9008;0
52.5615;-132.2053;0
47.5108;-128.8559;0
53.0526;-132.8303;0
49.0891;-125.6009;0
47.5126;-70.2892;0
49.1951;-122.3437;0
48.0147;-122.5153;0
58.3581;-138.1685;0
53.7889;-133.4605;0
50.1136;-129.616;0
47.4787;-69.9758;0
47.4809;-69.9748;0
47.4785;-69.9778;0
59.0864;-54.266;0
59.0713;-54.4989;0
51.8552;-131.6602;0
50.113;-129.6221;0
42.9203;-79.5513;0
52.8087;-132.289;0
44.9825;-74.7413;0
52.7888;-132.3883;0
50.0719;-130.0669;0
52.6683;-132.0598;0
49.5802;-127.0537;0
52.6338;-132.1306;0
49.6637;-127.1839;0
47.404;-70.4187;0
48.2408;-123.2372;0
45.1905;-73.7849;0
48.2343;-125.0164;0
48.25;-125.0159;0
48.235;-125.0114;0
48.1831;-125.0297;0
53.1037;-132.9187;0
48.0947;-124.9945;0
74.6686;-73.8994;0
48.0151;-124.3131;0
48.0509;-122.7242;0
48.5983;-125.1592;0
47.4684;-70.1041;0
47.4181;-70.4262;0
50.574;-130.4077;0
47.4268;-70.5076;0
47.4652;-128.8495;0
47.18;-121.21;0
51.4771;-89.7431;0
49.6443;-128.9771;0
48.7294;-128.7377;0
47.3835;-65.096;0
49.6915;-123.4076;0
53.5028;-117.3776;0
47.0395;-76.3344;0
65.7696;-85.1227;0
51.4208;-89.8985;0
52.7003;-132.3243;0
53.3545;-131.4536;0
54.047;-133.9071;0
53.2534;-132.8127;0
47.5126;-70.3863;0
48.8985;-128.6681;0
48.8956;-128.6531;0
48.9129;-128.5917;0
61.9583;-135.4705;0
48.8978;-128.6477;0
52.5747;-131.9948;0
49.7055;-123.4054;0
52.8798;-132.5346;0
48.904;-128.631;0
49.73;-67.112;0
49.1921;-130.1378;0
49.5882;-68.4125;0
46.394;-80.3533;0
49.753;-66.5042;0
47.4369;-70.3706;0
53.2151;-131.2542;0
71.3153;-136.4709;0
49.8826;-123.8979;0
52.8529;-132.4803;0
47.1758;-76.5585;0
71.2112;-73.1329;0
49.1877;-130.0555;0
49.1867;-130.0362;0
49.1707;-130.2168;0
45.7156;-75.3979;0
65.1259;-137.9676;0
52.7793;-132.3332;0
52.7911;-132.3194;0
49.4641;-126.8521;0
47.071;-69.8922;0
64.902;-133.6603;0
47.5141;-70.0407;0
47.5145;-70.0405;0
47.5339;-70.2939;0
47.6757;-69.8886;0
49.6557;-65.3014;0
64.6926;-110.6595;0
59.5511;-138.8032;0
59.8786;-139.5497;0
48.1592;-71.0941;0
58.8132;-136.35;0
49.5492;-91.5217;0
48.7229;-122.9776;0
47.5229;-69.9311;0
75.1597;-119.1776;0
44.6138;-73.5174;0
49.9842;-127.756;0
49.9898;-127.7571;0
48.9564;-125.553;0
53.411;-131.3836;0
47.7656;-69.9497;0
47.3556;-70.5289;0
50.6437;-130.4424;0
49.1839;-115.156;0
49.158;-127.9073;0
49.6282;-122.1633;0
50.0096;-130.1734;0
52.8657;-132.2361;0
49.977;-130.1309;0
60.8503;-67.2947;0
51.6182;-130.7508;0
59.9944;-141.3966;0
61.1917;-140.5759;0
49.6221;-66.3438;0
48.4752;-121.8267;0
49.5722;-67.1913;0
47.6295;-70.1059;0
49.5811;-67.1935;0
46.1161;-77.2112;0
53.8541;-132.1594;0
48.0269;-124.9369;0
47.4861;-70.3871;0
46.1165;-75.6983;0
49.8224;-125.9987;0
59.8852;-139.2923;0
53.2206;-133.0028;0
49.042;-113.8362;0
49.4803;-122.4238;0
49.6502;-67.0646;0
49.1606;-123.4802;0
48.8159;-125.1379;0
48.5912;-122.9667;0
50.0209;-123.6761;0
52.7536;-132.3488;0
45.7187;-80.5197;0
56.2534;-120.9531;0
58.462;-137.5185;0
49.4966;-127.0914;0
53.7053;-127.0516;0
49.6216;-66.3849;0
49.3642;-124.0101;0
52.9103;-132.5892;0
46.5322;-90.2256;0
53.0851;-132.3282;0
49.9912;-123.6858;0
46.0596;-57.9781;0
47.6585;-69.9599;0
50.0102;-123.679;0
53.1836;-133.5224;0
47.5341;-70.4057;0
47.8971;-113.7289;0
47.6005;-69.9364;0
53.6861;-134.9012;0
48.0782;-125.0484;0
50.4656;-130.2573;0
47.0916;-76.2609;0
50.9596;-130.5959;0
48.6036;-122.6115;0
50.5447;-125.8663;0
73.1693;-90.5231;0
49.9996;-123.6787;0
50.0145;-123.6768;0
50.0268;-123.6755;0
45.7814;-74.4777;0
48.2684;-122.7891;0
50.014;-123.6539;0
47.3939;-70.3008;0
53.0166;-132.6057;0
53.4438;-134.4795;0
47.7388;-122.5541;0
47.5735;-70.2397;0
47.5708;-70.019;0
50.13;-71.3505;0
46.1172;-75.6699;0
47.5801;-70.2629;0
47.5965;-70.2859;0
52.8524;-132.5422;0
52.6533;-131.6698;0
47.6214;-69.8861;0
45.8158;-74.996;0
48.8482;-121.4847;0
48.1626;-124.5754;0
62.743;-75.564;0
49.3354;-128.2243;0
50.6058;-130.3552;0
50.0112;-123.6747;0
59.2656;-142.3843;0
52.4664;-131.8415;0
50.8482;-58.0467;0
65.6012;-85.6783;0
45.6829;-75.8117;0
47.6135;-119.3117;0
52.6958;-132.3395;0
47.4179;-70.3269;0
53.3308;-132.6543;0
60.1957;-141.0078;0
49.0289;-128.7223;0
60.0724;-139.2497;0
48.8259;-129.1314;0
52.441;-131.9024;0
48.8431;-129.1929;0
48.8565;-129.1127;0
47.0063;-77.7881;0
49.1689;-127.8593;0
48.7614;-129.2454;0
50.4458;-130.1022;0
48.0708;-71.4877;0
52.5868;-131.9063;0
45.7258;-76.2628;0
49.5627;-126.1863;0
48.4276;-124.6482;0
49.2576;-122.3805;0
46.5445;-76.6413;0
53.2509;-133.0129;0
49.9853;-127.6549;0
48.4325;-124.6524;0
49.4792;-66.8203;0
48.776;-128.5432;0
48.8173;-128.6196;0
48.7664;-128.5714;0
45.7698;-74.9391;0
58.5028;-71.8766;0
48.7771;-128.5735;0
62.2593;-141.6514;0
49.4356;-67.0958;0
47.7031;-119.9514;0
71.5157;-135.2802;0
43.3729;-78.2289;0
52.2457;-119.2794;0
50.0056;-123.6795;0
50.0075;-123.6735;0
50.0602;-123.6432;0
51.5589;-68.8877;0
52.6576;-131.8953;0
47.1507;-70.6236;0
61.205;-140.8913;0
48.865;-122.6723;0
50.0474;-123.6371;0
49.7598;-127.3066;0
53.2186;-132.6569;0
49.4653;-127.6678;0
53.079;-131.7595;0
47.638;-65.8988;0
62.0047;-134.793;0
47.5151;-69.9491;0
48.7257;-123.5098;0
58.1069;-138.4178;0
53.273;-132.5991;0
48.741;-123.5536;0
48.7445;-123.5309;0
48.9033;-125.7287;0
52.8716;-132.2138;0
52.6602;-132.0961;0
52.6604;-132.0978;0
52.6633;-132.0763;0
49.6299;-66.354;0
48.4466;-122.4754;0
47.4164;-70.3173;0
48.8008;-128.7184;0
48.7854;-128.7217;0
48.7861;-128.8018;0
48.7458;-128.7582;0
60.9609;-82.9297;0
53.8219;-131.6676;0
48.6575;-128.7106;0
50.7115;-130.4766;0
50.7019;-130.4833;0
48.7665;-128.8211;0
48.7876;-128.686;0
48.8296;-128.6796;0
48.8455;-128.712;0
47.7483;-69.742;0
52.3624;-132.4626;0
48.7513;-123.5546;0
48.7828;-128.7358;0
52.7039;-132.2642;0
49.2206;-127.9548;0
52.364;-132.0343;0
49.3523;-128.194;0
48.6039;-123.0967;0
48.6093;-123.1096;0
48.6072;-123.0914;0
48.5962;-123.0631;0
52.6359;-132.0227;0
50.544;-130.347;0
48.5936;-123.0768;0
48.918;-128.5633;0
53.506;-133.2466;0
49.8013;-66.8394;0
59.8712;-141.3676;0
47.4564;-70.3852;0
76.5002;-91.56;0
76.5002;-91.56;0
76.5002;-91.56;0
52.0899;-131.9594;0
45.6908;-76.4646;0
49.4265;-120.6536;0
50.565;-130.2904;0
47.6631;-123.2872;0
59.2452;-134.5058;0
46.9988;-78.4763;0
46.5138;-72.2725;0
71.1823;-95.6158;0
71.1711;-95.5271;0
68.8093;-68.4291;0
52.4716;-131.8984;0
48.8981;-121.992;0
49.1888;-130.2853;0
55.2048;-136.1495;0
49.2649;-122.4305;0
52.4137;-131.7413;0
57.2358;-126.6813;0
49.2382;-126.1118;0
49.4067;-127.3788;0
59.6223;-138.7226;0
48.182;-90.9739;0
43.4888;-79.4459;0
60.674;-124.6993;0
52.8934;-132.5261;0
52.5261;-132.1275;0
52.5268;-132.134;0
52.6946;-132.2254;0
55.1459;-134.9207;0
59.9989;-71.0223;0
50.1668;-65.2077;0
47.3756;-70.1372;0
52.5288;-132.1273;0
60.012;-70.8465;0
52.5201;-132.152;0
52.5194;-132.1541;0
49.7081;-127.349;0
56.3607;-125.6663;0
59.0728;-136.7598;0
52.5168;-132.1552;0
52.516;-132.1564;0
49.9896;-123.4392;0
52.5175;-132.1668;0
52.53;-132.1306;0
45.4597;-76.9758;0
52.542;-132.1526;0
52.5153;-132.1518;0
48.4024;-122.2914;0
54.8434;-142.2086;0
52.5159;-132.1713;0
49.5817;-125.6222;0
52.4182;-131.787;0
52.4135;-131.8053;0
58.9331;-139.3522;0
50.5314;-130.2768;0
48.8092;-68.6763;0
52.5227;-132.1529;0
52.5259;-132.1393;0
47.5239;-70.2859;0
43.2146;-79.8026;0
59.9516;-140.9623;0
49.7228;-124.1996;0
49.9949;-123.4531;0
44.2898;-75.481;0
49.2513;-127.9782;0
49.2612;-127.9874;0
52.6886;-132.2648;0
52.5264;-132.1557;0
52.5331;-132.1514;0
52.5309;-132.1441;0
52.5301;-132.1374;0
48.2067;-124.7796;0
59.9514;-140.6109;0
49.3821;-122.7663;0
72.1352;-77.5603;0
51.0146;-130.3544;0
48.4759;-125.1664;0
71.0112;-125.9289;0
52.5307;-132.1503;0
52.5969;-131.9622;0
43.9773;-74.2584;0
52.0791;-90.9101;0
71.2039;-95.56;0
52.6793;-132.3924;0
47.494;-70.0897;0
49.001;-125.3674;0
69.8828;-129.953;0
63.3882;-131.4121;0
53.2163;-131.8965;0
47.3413;-70.2008;0
54.5988;-132.4895;0
48.3996;-122.3737;0
52.7537;-132.333;0
46.5031;-76.3785;0
49.5906;-66.8478;0
48.9759;-129.3821;0
47.7854;-66.2176;0
52.487;-131.9159;0
62.3095;-124.377;0
62.3468;-124.5001;0
50.5273;-130.3221;0
44.0079;-74.3232;0
49.4111;-66.7875;0
48.8599;-128.9273;0
52.495;-131.7775;0
50.56;-130.2235;0
48.975;-125.9308;0
46.9961;-76.6138;0
49.3321;-127.8621;0
47.4513;-70.0261;0
46.8645;-121.9684;0
51.1254;-130.7754;0
48.5362;-123.4674;0
58.2125;-136.8141;0
53.2355;-132.7715;0
49.8932;-123.9076;0
51.7354;-131.2347;0
46.7252;-78.3542;0
52.7923;-116.1621;0
51.5336;-131.5291;0
51.613;-131.4066;0
51.6412;-131.8996;0
51.6148;-131.4204;0
51.6962;-131.2773;0
51.595;-131.3775;0
48.9176;-128.1181;0
60.0429;-140.718;0
53.4841;-133.1841;0
47.3885;-70.1262;0
47.959;-125.5066;0
50.4967;-125.1416;0
59.899;-139.1577;0
47.7849;-114.414;0
48.8233;-122.304;0
49.8725;-123.6429;0
48.8274;-122.3048;0
48.8084;-122.9158;0
50.5332;-130.2612;0
49.1175;-67.3135;0
58.8692;-134.0016;0
49.297;-127.9586;0
49.4303;-128.349;0
48.0006;-121.8497;0
53.2061;-133.2896;0
49.2611;-67.7013;0
47.5958;-70.2876;0
50.81;-130.648;0
50.8539;-130.6286;0
47.4839;-70.1415;0
49.5357;-65.7056;0
47.1226;-76.4504;0
50.6229;-130.4074;0
59.9185;-137.7525;0
50.2977;-130.1775;0
50.3122;-130.2247;0
45.1842;-56.5674;0
50.8447;-130.5555;0
60.342;-141.0082;0
47.4721;-70.3089;0
50.8326;-130.6083;0
50.2739;-130.2535;0
74.5329;-96.8191;0
50.8408;-130.5824;0
50.8193;-130.622;0
50.8092;-130.6156;0
50.808;-130.63;0
50.8167;-130.63;0
49.0146;-122.5205;0
50.8272;-130.6059;0
50.7559;-130.6584;0
50.8545;-130.5661;0
50.8511;-130.5451;0
50.8302;-130.6658;0
50.8065;-130.5779;0
50.8421;-130.5685;0
50.8024;-130.602;0
60.8348;-138.6343;0
50.8274;-130.6442;0
50.8667;-130.5628;0
50.8416;-130.4837;0
50.8896;-130.571;0
50.5225;-130.9313;0
50.8543;-130.4015;0
50.9415;-130.3438;0
50.8335;-130.5573;0
51.3746;-129.9167;0
50.8578;-130.5522;0
50.9269;-130.3319;0
50.8172;-130.5232;0
50.9005;-130.4473;0
50.8345;-130.4123;0
50.8495;-130.4063;0
48.5209;-124.8718;0
50.8328;-130.5758;0
50.8363;-130.5598;0
50.8745;-130.5512;0
50.8796;-130.499;0
50.8918;-130.4346;0
50.8396;-130.5423;0
49.2008;-128.5622;0
50.6208;-130.5186;0
61.0821;-140.5496;0
47.5173;-69.9519;0
49.5689;-122.5466;0
50.7761;-130.5639;0
50.8739;-130.5425;0
60.7191;-139.6066;0
50.8616;-130.5299;0
49.5839;-127.2027;0
50.8518;-130.5244;0
49.4397;-66.8646;0
48.3369;-122.6574;0
50.7717;-130.7332;0
50.809;-130.6492;0
50.7726;-130.5445;0
50.8396;-130.5282;0
51.1047;-124.6264;0
46.2147;-76.776;0
59.6195;-139.047;0
52.4123;-118.5872;0
52.6384;-132.215;0
48.9794;-122.5418;0
50.8134;-130.5765;0
48.4358;-124.5156;0
46.4883;-75.6429;0
48.4648;-123.2802;0
51.0942;-124.6497;0
51.3381;-77.6336;0
49.1809;-125.9018;0
57.9674;-134.3473;0
52.9049;-132.5668;0
47.6551;-69.8889;0
59.9337;-77.3046;0
59.964;-140.0764;0
48.3218;-64.6225;0
48.5955;-123.0898;0
49.1622;-128.0585;0
58.5731;-137.2456;0
59.5349;-136.0748;0
52.7406;-132.2846;0
50.823;-119.1719;0
47.6472;-69.9937;0
49.7163;-123.3912;0
47.3862;-70.4018;0
47.4707;-70.3106;0
61.5327;-139.8693;0
49.3429;-93.1868;0
49.1209;-67.6157;0
52.6876;-132.1136;0
46.9664;-78.6001;0
61.2256;-140.0918;0
61.228;-67.8012;0
50.4348;-91.9139;0
48.6096;-122.3238;0
52.5074;-131.9416;0
49.1042;-129.6648;0
75.5271;-121.08;0
49.1492;-67.2596;0
58.6726;-135.4489;0
49.5053;-126.9091;0
49.6378;-127.3165;0
50.8625;-130.5255;0
52.5285;-131.9513;0
50.0236;-127.8752;0
71.8219;-97.9425;0
49.8416;-126.6981;0
48.8334;-122.2468;0
47.4282;-115.8774;0
52.6157;-132.2985;0
47.8038;-124.3833;0
48.8295;-128.513;0
47.5947;-69.9736;0
52.5541;-131.9207;0
66.2955;-91.7907;0
53.2085;-132.8178;0
48.9438;-128.4891;0
72.4407;-77.5292;0
52.4851;-131.9229;0
49.1748;-123.3416;0
48.4773;-121.8429;0
71.1437;-71.9458;0
48.5021;-123.2335;0
75.9625;-105.4801;0
50.5655;-130.4232;0
49.9053;-130.1133;0
48.6582;-124.8934;0
49.9541;-130.1644;0
53.1595;-133.2913;0
49.0875;-125.77;0
49.8267;-130.0717;0
49.9674;-130.0971;0
49.9825;-130.1505;0
50.1383;-129.6306;0
49.9856;-130.035;0
50.0171;-129.7871;0
49.947;-130.18;0
49.9472;-130.1792;0
49.9729;-130.0672;0
45.1407;-75.2738;0
49.8641;-130.0798;0
50.0119;-129.8898;0
49.9399;-130.1009;0
49.9698;-130.1776;0
49.9769;-130.1605;0
64.2698;-134.3159;0
49.9773;-130.1381;0
50.6508;-130.4736;0
50.0176;-130.0418;0
49.9898;-130.2308;0
49.9971;-130.2126;0
49.986;-130.2166;0
49.989;-130.1408;0
49.9887;-130.1409;0
50.0506;-130.1435;0
49.9389;-130.324;0
50.0678;-130.2444;0
50.0582;-130.2026;0
50.0317;-130.2132;0
50.047;-130.1992;0
50.0115;-130.219;0
50.0492;-130.2859;0
50.0799;-130.2066;0
50.0715;-130.2132;0
50.0682;-130.268;0
50.0451;-130.1975;0
49.9463;-130.3132;0
50.002;-130.1784;0
50.0092;-130.2673;0
49.5628;-123.0454;0
49.9798;-130.2207;0
48.7683;-122.5082;0
50.1952;-127.7536;0
50.0396;-130.1026;0
50.0271;-130.117;0
49.9904;-130.131;0
49.993;-130.1991;0
48.8023;-128.5154;0
48.7833;-128.4886;0
48.8091;-128.5283;0
47.6014;-70.2174;0
47.6442;-122.0281;0
46.8594;-73.2392;0
49.8306;-123.5034;0
47.8146;-65.8108;0
48.6228;-122.834;0
48.6041;-123.665;0
50.3327;-91.9166;0
48.7081;-123.527;0
48.7928;-123.4614;0
44.0938;-77.142;0
52.544;-132.8751;0
52.5069;-131.9726;0
49.67;-129.2764;0
48.8194;-129.0679;0
45.9884;-74.11;0
46.7936;-79.2203;0
47.4412;-70.3776;0
51.7365;-131.5625;0
52.2912;-131.8254;0
59.7783;-108.1165;0
47.6022;-70.183;0
51.594;-131.1315;0
46.3205;-76.3234;0
49.4219;-65.68;0
53.1112;-129.1243;0
50.305;-64.9916;0
59.0681;-137.0121;0
45.1693;-74.763;0
52.54;-131.95;0
53.4983;-131.5022;0
53.4593;-131.4892;0
47.4983;-70.1391;0
53.4675;-131.4921;0
53.4752;-131.4915;0
52.8686;-132.6112;0
48.0514;-66.5567;0
50.0109;-130.3497;0
45.9478;-74.862;0
49.4155;-127.0913;0
64.8793;-87.7594;0
48.5395;-122.0062;0
48.5786;-122.0113;0
61.536;-141.4997;0
48.7854;-121.7938;0
47.5223;-70.3018;0
47.5971;-70.2141;0
53.9202;-132.4528;0
50.5505;-127.8523;0
52.9694;-127.1391;0
49.1481;-127.9313;0
45.4789;-75.3997;0
48.5907;-123.0912;0
43.7828;-79.0909;0
48.4865;-123.6593;0
50.4864;-130.2495;0
52.7416;-132.3793;0
52.763;-132.3698;0
53.1349;-131.9217;0
46.8218;-79.352;0
52.7409;-132.9481;0
46.8516;-78.9117;0
49.6002;-66.5847;0
49.6089;-127.3848;0
52.917;-132.5108;0
49.7196;-127.3236;0
49.6973;-127.3086;0
52.7648;-132.3776;0
51.3401;-131.0198;0
52.1158;-131.2537;0
51.4008;-130.7586;0
47.7225;-70.028;0
51.4698;-130.7792;0
51.3826;-130.7991;0
51.538;-130.75;0
51.4456;-130.7744;0
51.4978;-130.7662;0
51.5041;-130.7699;0
62.8841;-143.9268;0
61.088;-131.0151;0
52.6317;-132.1123;0
71.4986;-75.155;0
51.4981;-130.8842;0
51.3941;-131.0485;0
52.6869;-131.9219;0
51.48;-130.7773;0
51.5245;-130.7598;0
51.3193;-131.0856;0
51.3463;-131.0503;0
54.6262;-132.8578;0
49.229;-127.5954;0
45.5812;-75.2941;0
59.0118;-136.0878;0
48.5401;-122.6092;0
44.4297;-77.5039;0
47.5023;-122.1306;0
51.7598;-131.6768;0
46.9242;-77.4296;0
52.5996;-132.0279;0
46.7219;-77.4627;0
47.9728;-70.0945;0
48.6875;-125.0039;0
48.2293;-122.8907;0
53.2609;-133.0523;0
48.9433;-122.1577;0
51.1387;-130.7003;0
50.2858;-129.8393;0
48.4955;-123.2282;0
49.0798;-66.4926;0
44.416;-77.5073;0
60.3242;-75.8563;0
59.3017;-136.6956;0
50.5446;-130.2335;0
48.9183;-122.8693;0
51.8907;-131.8534;0
44.4343;-77.462;0
50.5966;-128.2055;0
50.5805;-130.2403;0
48.7526;-125.2633;0
50.0719;-127.9134;0
52.5466;-132.0098;0
58.3404;-142.4285;0
53.8415;-132.7559;0
50.745;-122.8872;0
51.8019;-131.6088;0
51.7357;-131.7014;0
53.4629;-132.7484;0
58.2817;-133.335;0
51.8444;-131.5599;0
48.4043;-122.8279;0
48.4047;-123.2824;0
73.4548;-85.6375;0
43.9037;-78.6839;0
53.8889;-132.1809;0
51.3491;-130.9943;0
54.8562;-132.9162;0
52.757;-132.2759;0
47.4124;-70.0613;0
49.1389;-127.9123;0
49.3016;-122.3509;0
52.5919;-132.1912;0
58.212;-133.4465;0
50.0403;-64.8488;0
50.6382;-125.9713;0
60.941;-58.3006;0
49.9231;-65.4577;0
48.7416;-129.1809;0
52.5097;-131.8892;0
49.487;-127.7229;0
49.7738;-127.3208;0
52.8967;-132.5012;0
52.9011;-132.5001;0
54.0166;-133.7367;0
48.6593;-124.8884;0
52.7627;-132.3172;0
49.488;-128.4941;0
53.5816;-133.1194;0
49.5666;-66.9334;0
49.5042;-127.4068;0
42.0073;-80.7795;0
42.0073;-80.7795;0
48.4824;-121.8403;0
51.3491;-131.2969;0
49.5474;-66.9265;0
49.2528;-127.9343;0
46.3158;-75.6336;0
50.2419;-127.8312;0
62.1469;-71.9964;0
45.3225;-79.9213;0
46.8863;-71.4414;0
52.522;-121.7305;0
50.191;-130.3038;0
50.2229;-130.2801;0
53.2324;-132.7396;0
52.8607;-132.5302;0
50.0702;-130.4321;0
62.0856;-135.2606;0
59.7565;-136.4797;0
50.1997;-127.83;0
50.166;-130.2739;0
50.239;-130.1697;0
60.0929;-130.2512;0
52.9975;-132.6422;0
51.0738;-62.9399;0
50.2548;-130.1453;0
50.5819;-130.3325;0
50.5845;-130.3553;0
50.5142;-130.4167;0
47.532;-70.0417;0
53.5125;-133.1793;0
58.3178;-142.3622;0
48.4523;-123.2827;0
50.5733;-130.208;0
43.2248;-79.8242;0
66.6945;-135.5656;0
49.4931;-127.1124;0
64.1282;-137.1576;0
58.2786;-133.3891;0
52.5263;-131.8968;0
47.6658;-70.1548;0
53.1991;-132.045;0
48.8297;-92.9812;0
53.9784;-133.9293;0
49.3741;-127.9437;0
48.8623;-68.4097;0
51.8051;-119.6528;0
59.5449;-136.109;0
52.251;-120.0583;0
59.7272;-138.9235;0
52.8641;-132.4826;0
52.0224;-131.9508;0
47.331;-70.1095;0
50.5916;-130.3396;0
50.6084;-130.3304;0
50.5816;-130.4011;0
50.603;-130.3332;0
50.5886;-130.4089;0
47.44;-70.4096;0
49.9882;-128.1066;0
47.5985;-69.9901;0
52.5904;-132.0476;0
47.6731;-69.8032;0
50.1767;-60.7918;0
42.12;-72.85;0
59.1927;-136.2669;0
57.16;-126.672;0
49.251;-126.7687;0
47.6184;-69.9101;0
73.4031;-94.9988;0
50.8486;-130.6189;0
47.6558;-69.8881;0
51.0241;-130.5852;0
49.9734;-127.7597;0
49.9637;-127.739;0
54.2469;-119.1502;0
49.9877;-127.7881;0
48.8401;-128.7277;0
52.4773;-131.8033;0
48.9532;-121.9375;0
47.5479;-70.0456;0
47.601;-69.9404;0
49.9774;-127.748;0
49.0547;-123.3231;0
48.8927;-125.8063;0
46.9473;-71.5371;0
49.3744;-67.2149;0
72.8628;-73.3457;0
50.5755;-130.3784;0
55.4824;-119.6464;0
52.042;-131.4412;0
47.4135;-70.0935;0
49.9808;-127.7133;0
53.3609;-131.4297;0
49.5625;-128.3519;0
48.7707;-128.6572;0
47.647;-69.91;0
46.1481;-76.9756;0
51.6319;-125.7631;0
50.7483;-123.9219;0
65.3016;-142.1361;0
47.7187;-70.217;0
46.4562;-76.4667;0
49.2537;-123.6406;0
50.2369;-127.8066;0
49.4281;-128.4273;0
52.912;-132.5224;0
49.1165;-125.5747;0
52.7475;-132.3221;0
48.4196;-124.932;0
49.419;-116.7322;0
53.2335;-132.8646;0
47.3884;-70.1269;0
47.604;-70.1751;0
52.2363;-132.1065;0
48.5603;-125.8064;0
51.1616;-131.1686;0
47.4066;-70.2311;0
47.5919;-122.3604;0
47.5729;-70.2561;0
49.2865;-125.6819;0
48.6564;-129.1744;0
60.5443;-59.0322;0
48.4657;-123.4235;0
53.8558;-133.4002;0
50.0614;-127.9121;0
60.0214;-139.9436;0
48.3131;-123.3495;0
58.8881;-134.3601;0
48.6697;-123.2781;0
50.8778;-130.5517;0
52.7477;-132.3363;0
65.1969;-133.4885;0
49.573;-126.5333;0
52.7648;-132.34;0
45.5921;-79.7148;0
46.4288;-72.7778;0
61.3711;-139.7541;0
52.2315;-131.5131;0
47.3279;-70.4945;0
51.8787;-93.0617;0
53.2262;-132.7502;0
49.5348;-65.6008;0
60.4422;-141.5834;0
48.8551;-122.4219;0
60.4884;-141.5331;0
49.5755;-65.9;0
46.9102;-70.7706;0
53.1593;-133.128;0
47.0534;-66.56;0
48.4675;-123.1458;0
48.4781;-123.1722;0
48.479;-123.1529;0
54.3596;-131.6112;0
48.4404;-125.0774;0
48.4456;-125.0579;0
48.4384;-125.0875;0
51.8555;-92.7212;0
43.5467;-75.2629;0
58.337;-133.5669;0
52.261;-131.4738;0
64.4885;-87.1432;0
50.0881;-128.0123;0
45.7285;-74.153;0
49.2381;-66.7059;0
61.7201;-141.9457;0
58.2697;-133.6611;0
46.3344;-77.0913;0
47.7295;-70.1223;0
49.0288;-66.4639;0
51.6914;-93.1623;0
49.5775;-127.2337;0
45.2314;-73.9049;0
48.0223;-65.6828;0
47.431;-70.1579;0
61.7767;-141.8231;0
49.5436;-66.953;0
61.6753;-142.1679;0
61.7232;-141.4391;0
50.2043;-60.7653;0
49.9851;-127.7739;0
61.7634;-141.6555;0
47.5402;-70.1848;0
53.5177;-131.8581;0
53.865;-132.3278;0
61.7739;-141.297;0
58.3299;-133.589;0
45.4072;-67.5955;0
58.2007;-133.6584;0
58.2972;-133.6499;0
58.2667;-133.6826;0
58.089;-133.7917;0
50.6518;-129.0979;0
58.2717;-133.6295;0
48.5683;-114.5616;0
58.2605;-133.6698;0
58.3216;-133.5877;0
58.2003;-133.8052;0
57.9136;-133.9067;0
58.0705;-133.8145;0
49.9915;-130.2033;0
52.6335;-132.9498;0
47.8665;-122.4386;0
47.0739;-76.4567;0
47.4398;-70.1851;0
48.9173;-123.061;0
50.7266;-130.5492;0
58.3446;-133.5861;0
58.2889;-133.6094;0
58.3533;-133.5804;0
57.9679;-133.9045;0
54.272;-134.3955;0
52.4731;-131.7256;0
53.006;-132.7094;0
58.2719;-133.6606;0
47.4641;-122.8756;0
58.2977;-133.608;0
50.2255;-127.8613;0
58.319;-133.5554;0
57.4932;-134.2104;0
58.2082;-133.5802;0
58.1593;-133.661;0
58.2776;-133.6479;0
52.4672;-131.8021;0
53.9876;-132.3248;0
58.2599;-133.6578;0
45.7374;-75.0245;0
48.9949;-122.2632;0
50.168;-127.8765;0
49.2473;-123.6187;0
47.543;-70.2759;0
49.5751;-122.5509;0
49.0614;-122.2374;0
58.7411;-134.0771;0
47.4784;-69.9763;0
53.8789;-132.4265;0
51.0406;-124.2346;0
58.362;-133.5837;0
47.4227;-70.3538;0
58.2334;-133.6689;0
48.8049;-128.649;0
51.9276;-131.3025;0
65.9304;-90.7155;0
58.3085;-133.5882;0
58.2282;-133.6634;0
49.8773;-124.3707;0
52.685;-132.2817;0
57.1807;-126.6372;0
49.3399;-123.2284;0
58.1702;-133.6576;0
58.3087;-133.6212;0
52.6864;-132.2273;0
49.5302;-126.9026;0
58.2874;-133.6858;0
47.503;-69.9507;0
50.4225;-130.1824;0
58.1432;-133.7076;0
65.2338;-134.7187;0
49.4886;-66.8995;0
48.7326;-123.3328;0
48.1928;-122.664;0
53.9518;-132.3099;0
47.6732;-70.0553;0
45.3448;-75.3033;0
52.8346;-132.5426;0
49.3895;-127.1819;0
58.4891;-133.4807;0
50.9792;-130.6345;0
58.2619;-133.6352;0
46.9154;-75.8527;0
53.9524;-132.308;0
52.5494;-132.1135;0
52.5681;-132.0853;0
48.7925;-128.5995;0
48.7925;-128.5142;0
47.5621;-71.0636;0
47.5506;-71.0777;0
47.5489;-71.0802;0
47.556;-71.076;0
53.942;-132.3428;0
47.665;-65.9375;0
49.3277;-127.4951;0
47.6019;-70.2817;0
53.0909;-132.2643;0
48.7881;-129.4476;0
45.3563;-75.2905;0
51.8519;-92.8451;0
49.2428;-121.79;0
49.2257;-121.7899;0
60.3798;-142.2221;0
45.96;-74.836;0
51.8812;-92.6655;0
53.9238;-132.3989;0
47.8035;-69.8122;0
48.9905;-123.6136;0
64.3352;-134.1835;0
49.2598;-123.6341;0
58.7406;-134.1113;0
50.5626;-127.2342;0
49.8589;-126.1914;0
48.7836;-125.0539;0
53.5743;-133.2131;0
59.2535;-136.5584;0
58.322;-133.5328;0
58.2738;-133.6236;0
46.6834;-65.7767;0
52.5752;-132.1584;0
49.7642;-127.3008;0
48.1057;-122.8647;0
47.5314;-70.0724;0
47.0849;-75.31;0
47.8963;-122.4541;0
58.8331;-136.8505;0
51.3065;-125.0078;0
49.6379;-122.4986;0
52.5396;-131.9655;0
52.88;-132.0992;0
52.8797;-132.101;0
52.7305;-132.2228;0
49.4659;-126.8475;0
47.6519;-69.8937;0
52.9139;-132.5505;0
47.461;-128.8174;0
65.2644;-133.4362;0
53.0946;-133.336;0
50.6623;-127.7141;0
50.5132;-125.0981;0
48.8911;-121.6221;0
51.048;-130.7093;0
51.8024;-131.6019;0
70.8755;-72.476;0
53.8872;-132.4327;0
53.8756;-132.4457;0
53.8815;-132.4351;0
47.6059;-70.2255;0
48.6516;-123.0327;0
74.539;-85.4446;0
54.0065;-132.2716;0
53.9936;-132.2717;0
54.0132;-132.3154;0
48.6757;-122.0565;0
52.5419;-131.9011;0
43.4747;-75.244;0
54.0862;-131.6667;0
51.1026;-66.4126;0
53.9476;-132.0726;0
50.9092;-126.675;0
48.9836;-125.3913;0
53.0235;-132.769;0
61.9525;-132.819;0
48.9815;-67.5004;0
54.6344;-133.8422;0
47.724;-69.9393;0
50.5477;-67.5969;0
50.236;-82.3725;0
53.0222;-131.1092;0
49.2002;-123.6313;0
48.8364;-124.6095;0
53.003;-132.7119;0
49.6859;-127.7409;0
49.4256;-66.4779;0
49.4772;-127.46;0
45.5953;-67.657;0
54.0489;-132.3449;0
54.0448;-132.3687;0
52.4609;-131.9566;0
42.6676;-62.2204;0
46.5696;-76.7665;0
52.754;-132.3029;0
47.2128;-70.7043;0
53.8864;-132.4801;0
61.8665;-124.1194;0
49.3626;-127.7487;0
62.0906;-133.8319;0
51.0299;-130.4841;0
46.9084;-76.5041;0
52.9663;-132.8266;0
48.8969;-123.2536;0
49.5056;-126.8903;0
53.4955;-133.3192;0
65.2966;-133.7892;0
48.4653;-68.6832;0
47.4354;-70.3777;0
48.8883;-122.0522;0
49.618;-126.7067;0
51.1588;-131.1216;0
58.2631;-133.6356;0
58.289;-133.6212;0
50.4639;-130.2001;0
47.4605;-70.0138;0
58.2918;-133.5896;0
52.8485;-132.4435;0
49.7265;-123.5975;0
51.7247;-131.8176;0
58.1334;-133.685;0
58.1492;-133.7977;0
58.2821;-133.6524;0
58.3029;-133.5713;0
51.7738;-131.7987;0
58.2923;-133.6087;0
58.2695;-133.6227;0
58.39;-133.5334;0
58.268;-133.642;0
51.7999;-131.7029;0
48.9982;-126.1812;0
51.7683;-131.6294;0
58.1446;-133.6763;0
58.223;-133.6964;0
58.3148;-133.582;0
58.1616;-133.7503;0
58.2599;-133.6453;0
58.3397;-133.5803;0
47.8741;-70.0196;0
58.1993;-133.6727;0
51.9086;-118.0152;0
58.3156;-133.5758;0
48.3089;-125.2373;0
47.4158;-70.4439;0
48.3966;-122.3866;0
49.5206;-65.9626;0
51.8664;-128.5132;0
57.9209;-133.7925;0
49.83;-130.0065;0
49.8493;-130.0261;0
49.8504;-130.0248;0
59.5914;-138.8232;0
50.2858;-127.7348;0
49.4925;-126.133;0
49.4932;-126.1335;0
50.0717;-123.0338;0
47.4361;-70.3916;0
50.9823;-130.7146;0
52.5727;-132.0808;0
45.9556;-74.8646;0
48.8197;-123.1832;0
60.334;-136.875;0
60.2893;-136.8718;0
77.6639;-113.3603;0
77.79;-113.4401;0
47.7945;-69.9141;0
47.4237;-70.5118;0
50.4643;-130.082;0
48.8633;-125.6115;0
77.763;-113.3603;0
77.7594;-113.1103;0
48.5997;-124.8551;0
77.5331;-112.84;0
77.6041;-113.3202;0
66.8567;-135.9827;0
66.2793;-135.988;0
44.3325;-74.4618;0
46.1942;-74.9725;0
46.1803;-74.9932;0
46.1995;-75.0284;0
53.785;-132.0726;0
46.1941;-74.9697;0
52.6001;-132.1909;0
53.7838;-132.0732;0
48.482;-121.8318;0
62.0198;-124.1066;0
46.2042;-74.9876;0
51.327;-124.8659;0
46.1871;-74.9801;0
50.0277;-128.0118;0
46.1874;-74.9846;0
48.1152;-121.8339;0
48.9994;-124.852;0
48.259;-122.5483;0
52.6459;-132.1617;0
75.7773;-108.72;0
48.7204;-128.5152;0
62.6186;-144.5585;0
50.9412;-129.8931;0
44.3817;-75.1406;0
51.7941;-80.4256;0
53.7812;-132.1106;0
43.6248;-75.2762;0
49.3081;-127.9066;0
54.0507;-132.4809;0
48.942;-128.7028;0
47.5;-70.0527;0
77.6692;-113.3603;0
48.8644;-122.7214;0
48.8657;-122.7306;0
48.5391;-121.8022;0
53.2161;-132.8145;0
60.5098;-140.3773;0
48.6107;-124.2064;0
48.7989;-123.4083;0
53.4889;-133.2655;0
49.6525;-66.9562;0
61.2381;-71.5361;0
52.7586;-132.2924;0
64.9844;-88.4385;0
50.7047;-93.431;0
50.624;-93.4697;0
50.6824;-93.4531;0
50.6834;-93.4413;0
50.6595;-93.4505;0
49.9939;-127.7465;0
47.4246;-70.362;0
52.7727;-132.3427;0
50.6498;-125.9645;0
52.7835;-132.4542;0
47.5054;-70.3569;0
43.7876;-77.823;0
52.8661;-132.4289;0
49.5145;-127.3837;0
52.4677;-131.7911;0
47.6024;-70.2176;0
47.5863;-70.1936;0
47.9446;-69.7373;0
50.219;-127.7777;0
52.497;-131.9974;0
53.2301;-133.0314;0
66.269;-135.1321;0
53.5959;-133.1878;0
50.1947;-127.8296;0
47.5503;-70.2296;0
47.2322;-77.8437;0
47.7727;-70.1078;0
55.3407;-134.8338;0
46.1862;-75.0059;0
50.5623;-130.2548;0
56.456;-120.8121;0
49.8579;-130.1091;0
47.7884;-69.9283;0
47.4218;-70.438;0
46.5193;-74.6516;0
56.4194;-120.7781;0
47.0394;-75.9465;0
47.6466;-69.9823;0
48.8221;-125.4303;0
48.4416;-122.9732;0
50.5443;-130.3375;0
53.9408;-131.7582;0
47.506;-70.104;0
48.7693;-124.7694;0
49.5807;-67.5316;0
51.3487;-131.0336;0
47.7219;-70.0674;0
51.5864;-115.4646;0
59.4608;-138.3177;0
46.778;-76.188;0
47.8228;-124.8747;0
53.9158;-131.7408;0
47.6327;-70.1781;0
53.9021;-132.4479;0
53.6575;-131.7668;0
53.0011;-132.6997;0
52.6626;-132.6289;0
48.8907;-125.9084;0
53.9428;-132.4223;0
47.8393;-123.1521;0
49.9029;-130.0524;0
49.916;-130.0484;0
41.6743;-73.6339;0
44.5763;-67.5422;0
58.8985;-136.2471;0
48.588;-124.8678;0
81.8196;-112.1681;0
49.4382;-65.8961;0
52.6272;-132.2727;0
51.1352;-131.0875;0
51.3198;-125.0481;0
48.7834;-123.7552;0
71.191;-136.9355;0
50.5938;-125.1933;0
49.9616;-128.1734;0
50.0267;-128.1796;0
59.8142;-137.1017;0
48.9473;-129.9887;0
48.9819;-120.7109;0
49.6475;-127.0663;0
46.0317;-75.809;0
48.9864;-123.519;0
48.7348;-128.7657;0
59.6428;-138.6545;0
50.51;-130.3245;0
48.7655;-125.41;0
51.2408;-124.8106;0
49.3916;-129.4152;0
47.437;-70.1765;0
49.3835;-127.227;0
51.6909;-131.0805;0
48.6026;-121.5038;0
47.4827;-70.1045;0
47.4261;-70.0512;0
52.773;-132.4684;0
52.6354;-132.1797;0
52.5682;-130.898;0
64.6571;-133.0191;0
73.2132;-89.4181;0
49.5142;-127.1687;0
58.5635;-136.9346;0
49.0517;-122.8923;0
49.8877;-128.0281;0
47.5892;-69.9861;0
46.7823;-78.6855;0
62.4378;-82.1308;0
47.7377;-69.9083;0
50.2081;-127.7296;0
48.9952;-67.1015;0
49.858;-123.8691;0
44.4015;-74.9214;0
49.4523;-129.3733;0
49.0875;-67.9105;0
53.5218;-133.2194;0
47.4264;-70.0393;0
54.304;-134.2468;0
54.3019;-134.2058;0
49.8937;-123.8555;0
49.8863;-123.8594;0
52.5426;-131.0239;0
49.2242;-122.4246;0
56.2917;-120.8206;0
49.1681;-126.8315;0
53.6661;-133.2468;0
48.6074;-68.7878;0
49.6205;-126.9393;0
51.6151;-89.8479;0
60.3915;-139.3725;0
49.3711;-127.039;0
47.7825;-69.8671;0
49.5646;-127.1334;0
53.2737;-131.8324;0
49.4969;-65.5672;0
61.4195;-61.1022;0
47.134;-76.8245;0
46.1801;-75.0365;0
49.2243;-66.2508;0
49.5653;-127.0845;0
47.4897;-70.0771;0
50.6166;-66.1538;0
49.1797;-126.8179;0
48.9903;-66.2931;0
50.5263;-125.1054;0
50.067;-123.8705;0
48.8229;-125.2604;0
47.7822;-69.8372;0
49.7256;-125.775;0
44.002;-77.4177;0
49.5905;-66.3719;0
58.591;-133.5116;0
44.4041;-69.519;0
49.0608;-125.6157;0
47.5404;-69.9996;0
49.145;-129.3024;0
47.4986;-70.3905;0
49.3303;-125.8033;0
48.5918;-68.591;0
52.1806;-131.7087;0
53.8694;-132.5199;0
47.5418;-70.2595;0
47.393;-74.3503;0
77.5696;-113.24;0
48.4252;-123.2234;0
47.7637;-69.761;0
66.4074;-135.853;0
52.9238;-132.5611;0
51.6817;-131.0861;0
53.8589;-132.4098;0
47.8723;-121.9951;0
49.7012;-127.1116;0
50.7754;-121.9087;0
48.7233;-125.2603;0
47.4794;-70.371;0
49.0895;-66.761;0
59.9639;-144.0407;0
50.7307;-121.8217;0
49.7195;-123.5834;0
49.5246;-127.6086;0
54.2995;-134.3328;0
58.385;-133.4896;0
47.4223;-70.443;0
58.2044;-133.5323;0
52.8638;-132.4148;0
47.6837;-70.0543;0
53.8279;-132.2444;0
53.8463;-132.5461;0
49.0384;-90.7302;0
50.0587;-66.0061;0
47.7706;-122.7172;0
51.3587;-124.6286;0
50.225;-129.8145;0
50.2184;-129.8212;0
47.8832;-124.3306;0
52.7623;-132.2663;0
48.284;-122.8585;0
48.7512;-120.0742;0
53.8424;-132.2278;0
53.8207;-132.234;0
53.8329;-132.2514;0
49.9649;-127.7808;0
52.7658;-132.2771;0
47.4383;-70.0064;0
47.4349;-69.9935;0
52.7834;-132.4503;0
50.431;-123.6921;0
49.457;-125.4882;0
52.5738;-132.0047;0
52.7714;-132.3376;0
66.7109;-136.3831;0
53.8636;-132.4909;0
52.2296;-131.7223;0
52.2473;-131.8455;0
49.6677;-127.3351;0
53.5375;-133.3353;0
47.4907;-70.3732;0
47.5698;-70.0735;0
43.9892;-73.227;0
60.961;-118.2224;0
49.6492;-127.8328;0
48.5074;-78.6504;0
47.5466;-70.2048;0
54.6556;-134.7664;0
46.5295;-77.2154;0
50.213;-127.7438;0
50.9121;-126.7358;0
47.4898;-69.9776;0
47.7493;-80.5733;0
52.7421;-132.431;0
52.7454;-132.2992;0
53.2299;-132.7602;0
48.0831;-123.1047;0
52.6702;-132.3912;0
50.1301;-127.8231;0
50.1173;-127.856;0
47.5321;-70.1676;0
52.557;-132.1099;0
48.0127;-114.0342;0
56.2805;-120.9156;0
47.7635;-122.8472;0
47.4746;-70.3214;0
49.4886;-128.2454;0
53.9009;-132.4117;0
51.6529;-131.6084;0
47.4398;-123.1464;0
48.8633;-67.2567;0
47.4879;-69.9772;0
53.166;-132.8302;0
51.1559;-124.9757;0
52.5793;-131.9945;0
50.5791;-128.9441;0
48.1673;-122.7727;0
52.4467;-131.9483;0
50.4938;-130.4837;0
50.5504;-130.3633;0
47.7025;-70.0658;0
50.5363;-130.272;0
50.5319;-130.301;0
50.955;-124.3448;0
60.7512;-139.6401;0
47.4734;-70.0372;0
50.2;-127.7397;0
50.7675;-121.6698;0
53.4824;-133.2789;0
53.4933;-133.2422;0
53.5123;-133.1665;0
53.4982;-133.2156;0
53.4853;-133.241;0
53.4997;-133.2244;0
53.5667;-133.2479;0
50.7468;-130.4978;0
50.5314;-130.2355;0
46.1025;-74.8635;0
53.8628;-132.4159;0
53.5059;-133.1872;0
47.4196;-70.4229;0
57.2716;-142.869;0
52.5046;-131.8832;0
52.5034;-131.8817;0
54.0089;-133.708;0
48.9925;-67.7781;0
47.3556;-70.5239;0
46.7418;-76.4098;0
49.3672;-127.9051;0
49.3853;-127.8898;0
47.6118;-70.203;0
80.4692;-112.9383;0
61.6255;-127.7835;0
52.624;-132.1294;0
53.4959;-133.2402;0
50.4786;-125.1177;0
48.2242;-121.6446;0
49.2522;-122.414;0
53.4936;-133.2222;0
45.8279;-74.9296;0
48.6276;-129.0924;0
50.9837;-130.8197;0
51.0709;-130.6743;0
51.1075;-130.6432;0
53.6183;-118.875;0
49.0718;-125.8824;0
48.5876;-123.0434;0
52.6658;-132.2218;0
44.4278;-77.4985;0
53.0166;-133.2212;0
49.4968;-127.1676;0
46.3057;-75.1364;0
44.424;-77.5203;0
44.418;-77.571;0
47.9964;-128.9942;0
45.0973;-74.019;0
48.8617;-122.2531;0
49.9321;-124.2728;0
48.5876;-123.0525;0
49.0665;-126.1903;0
51.0311;-126.5442;0
45.3109;-74.0036;0
52.8863;-132.6209;0
52.7638;-116.1871;0
47.587;-70.3099;0
52.7578;-116.1864;0
50.1053;-127.9172;0
49.5247;-66.4192;0
52.9195;-132.5271;0
48.3572;-123.284;0
52.9236;-132.5174;0
50.5782;-130.428;0
47.4637;-70.0874;0
48.2358;-124.959;0
45.8003;-75.3708;0
52.764;-116.2128;0
49.1375;-126.1843;0
47.9992;-122.8858;0
52.6761;-80.2913;0
54.0608;-132.676;0
49.0175;-125.6707;0
49.0468;-67.4814;0
43.6306;-78.3606;0
49.1352;-126.5961;0
50.3229;-115.9659;0
52.5303;-131.9146;0
52.5312;-131.9151;0
46.2843;-76.9026;0
47.3835;-70.448;0
51.627;-130.8575;0
49.9911;-127.7599;0
50.4958;-128.9621;0
50.4904;-128.9629;0
49.479;-127.0152;0
55.1104;-133.4208;0
50.9564;-127.3414;0
47.7959;-123.124;0
50.5852;-130.3788;0
53.0875;-133.1234;0
47.5907;-69.9976;0
50.6871;-93.4343;0
51.8286;-125.773;0
47.4385;-70.3539;0
53.8704;-132.4229;0
48.9125;-121.8863;0
49.2672;-122.4078;0
49.0584;-125.6437;0
49.054;-125.6389;0
47.4657;-70.0913;0
53.1499;-133.2614;0
47.551;-122.3521;0
47.4371;-70.2131;0
50.3403;-64.2476;0
49.2736;-127.9669;0
52.0394;-89.9407;0
50.0334;-128.0318;0
48.943;-122.7137;0
47.0792;-76.5275;0
47.5905;-69.998;0
49.191;-114.0567;0
47.8543;-123.059;0
71.3102;-90.0237;0
47.4467;-70.0392;0
48.0786;-122.9081;0
43.6851;-71.3793;0
53.4383;-131.5281;0
49.6302;-127.4616;0
48.6824;-123.1843;0
48.5991;-123.0953;0
52.5166;-131.9384;0
52.5143;-131.9292;0
50.6037;-130.4271;0
47.4218;-70.4405;0
46.8757;-66.8684;0
53.2828;-133.1331;0
47.5862;-70.3082;0
50.8333;-130.5303;0
49.5593;-127.0169;0
54.0413;-132.4601;0
48.5974;-124.9991;0
50.4283;-130.1818;0
50.4283;-130.1818;0
46.1476;-74.6891;0
53.872;-133.4994;0
47.5848;-69.9517;0
57.5837;-126.5379;0
47.6078;-69.9741;0
47.6021;-70.243;0
41.9272;-80.7833;0
50.5309;-130.2086;0
50.193;-127.7767;0
52.8732;-132.5119;0
52.8703;-132.4953;0
53.863;-133.444;0
51.3375;-130.9657;0
51.4651;-130.6586;0
47.4006;-70.4147;0
45.9426;-74.1571;0
53.8517;-131.5624;0
60.2586;-141.7111;0
63.2888;-130.1293;0
60.2425;-141.7038;0
45.8209;-77.3546;0
45.6391;-75.2021;0
50.0116;-64.6576;0
50.5002;-121.523;0
49.3046;-128.3519;0
46.5096;-75.0945;0
47.3846;-70.2542;0
60.6454;-137.0071;0
47.5862;-122.3863;0
50.0585;-127.7053;0
53.4917;-133.2447;0
49.0714;-125.6052;0
47.2841;-70.2181;0
46.0715;-74.7996;0
49.1259;-67.5372;0
49.6214;-66.8561;0
48.8988;-121.8471;0
49.7224;-123.5766;0
52.5968;-132.0305;0
50.5729;-130.311;0
44.7867;-73.2382;0
50.5159;-130.1532;0
48.4642;-123.2673;0
53.9382;-131.7176;0
48.4119;-128.7356;0
48.2685;-121.881;0
48.3556;-122.6726;0
63.2406;-128.6782;0
48.9852;-123.5205;0
53.9328;-131.6827;0
53.9401;-131.7775;0
53.9542;-131.753;0
53.9855;-131.7582;0
53.9443;-131.7756;0
53.1473;-132.7813;0
53.2931;-133.1125;0
53.2825;-133.1136;0
48.3041;-122.8132;0
47.8603;-122.9433;0
50.5907;-128.9667;0
48.9876;-123.5158;0
53.273;-133.1441;0
48.4774;-123.2879;0
48.6161;-124.973;0
48.2713;-122.5627;0
47.6202;-69.7679;0
54.0553;-131.7902;0
47.1285;-76.4993;0
47.6184;-70.2367;0
61.5723;-124.2686;0
49.7305;-127.2265;0
47.4764;-70.06;0
49.4054;-114.7476;0
47.6879;-70.0709;0
48.2642;-122.5622;0
48.8705;-123.4641;0
47.4218;-70.0589;0
47.6608;-69.9274;0
46.089;-75.2442;0
72.3343;-74.2652;0
50.0634;-130.2073;0
58.798;-138.7705;0
46.0468;-76.2785;0
66.5473;-135.9102;0
47.6775;-121.8499;0
48.0043;-123.1894;0
49.4088;-119.6316;0
49.6608;-81.4126;0
66.0098;-141.0103;0
49.9789;-127.7596;0
46.1976;-74.9612;0
42.762;-74.068;0
47.2329;-70.6147;0
50.1102;-127.8765;0
48.5306;-122.5447;0
45.0215;-74.0264;0
46.3418;-77.9649;0
64.5488;-88.3907;0
52.0933;-115.0995;0
65.2668;-134.1292;0
52.2974;-131.3685;0
47.907;-122.2298;0
49.8713;-126.6729;0
49.2946;-65.7;0
47.8571;-122.2139;0
47.9128;-122.218;0
49.9004;-65.7409;0
46.3664;-76.9858;0
42.8212;-79.8205;0
49.3016;-128.8611;0
77.54;-112.7602;0
49.2234;-128.8646;0
50.5988;-130.3845;0
49.7895;-127.6678;0
49.8234;-127.6507;0
45.7374;-75.2999;0
48.4712;-123.2592;0
48.4655;-123.2759;0
82.0693;-77.2111;0
50.5593;-130.3623;0
53.1171;-132.7401;0
65.5137;-134.1825;0
62.4078;-75.1439;0
65.9418;-90.9807;0
50.1691;-127.8403;0
56.3829;-131.0719;0
59.8864;-56.0378;0
53.7167;-131.8792;0
77.5527;-112.8801;0
80.3598;-109.0402;0
63.0974;-66.722;0
49.2493;-123.6328;0
80.8764;-116.4801;0
49.2523;-123.6295;0
71.4563;-97.4943;0
63.0765;-66.917;0
47.6733;-70.1632;0
49.6491;-123.7312;0
48.7911;-125.0525;0
47.5372;-122.6747;0
49.9819;-127.8579;0
53.4061;-133.2316;0
50.5805;-127.6875;0
49.1545;-128.1539;0
50.1213;-127.7823;0
47.5493;-70.3671;0
48.2644;-122.5741;0
49.2275;-127.9144;0
50.3689;-130.1812;0
53.9023;-132.4419;0
53.9114;-132.467;0
49.6056;-66.6227;0
48.7704;-123.3126;0
46.8289;-78.8719;0
61.8639;-135.9164;0
48.7607;-121.5905;0
61.9194;-69.2938;0
48.5109;-123.4553;0
53.4103;-129.1076;0
50.4699;-127.4789;0
47.4149;-70.203;0
54.1446;-133.6913;0
50.2213;-127.7776;0
49.3439;-127.6279;0
49.2431;-127.9431;0
50.7813;-130.4943;0
50.7776;-130.4911;0
49.9775;-127.8208;0
50.7218;-130.5248;0
50.7231;-130.5412;0
46.6798;-74.3299;0
50.7562;-130.5244;0
49.9424;-65.4533;0
47.9976;-70.7173;0
50.7638;-130.4456;0
50.7464;-130.4601;0
50.8041;-130.3805;0
50.7883;-130.3958;0
50.7859;-130.4142;0
50.7813;-130.4231;0
50.7885;-130.3866;0
50.7502;-130.456;0
50.7378;-130.5012;0
50.7977;-130.4574;0
50.7818;-130.362;0
50.7911;-130.4246;0
50.7878;-130.4853;0
50.8247;-130.407;0
49.243;-123.623;0
48.6329;-122.411;0
50.5646;-130.3558;0
50.4339;-130.102;0
50.7871;-130.3832;0
50.3856;-130.2;0
50.4225;-130.1612;0
50.4129;-130.2042;0
50.3935;-130.2671;0
66.2511;-91.7695;0
66.2764;-91.7434;0
50.3747;-130.2807;0
50.4024;-130.2218;0
75.1704;-93.2865;0
50.7873;-130.4134;0
50.6228;-130.3141;0
50.5417;-129.1038;0
48.2805;-122.7783;0
50.7894;-130.4233;0
62.9408;-125.7012;0
65.0936;-138.9409;0
50.8168;-130.4162;0
50.7388;-130.498;0
47.0838;-76.4156;0
48.2884;-124.4057;0
50.7914;-130.4095;0
52.5678;-131.4424;0
42.6615;-55.6111;0
71.0688;-63.463;0
49.7001;-126.985;0
48.0942;-69.8119;0
58.5959;-137.1778;0
65.2756;-132.8459;0
70.2682;-143.0504;0
48.2361;-121.6604;0
48.8522;-119.2569;0
49.1314;-128.1404;0
67.2604;-94.9786;0
50.9932;-130.7861;0
51.0055;-130.7463;0
51.0606;-130.6922;0
51.1098;-130.6382;0
50.9531;-130.8288;0
51.0389;-117.906;0
49.7844;-123.4971;0
51.0758;-130.6466;0
50.8682;-131.0418;0
50.9526;-130.8428;0
50.7768;-130.4777;0
51.0251;-131.0789;0
51.0202;-130.7357;0
51.0259;-130.667;0
50.6915;-130.4473;0
51.0389;-130.7264;0
50.6192;-126.4044;0
51.0258;-130.5672;0
71.9781;-134.3057;0
50.4981;-123.8649;0
64.8775;-133.2309;0
50.9786;-130.8231;0
47.4872;-122.9174;0
52.9579;-132.7226;0
60.2504;-137.0605;0
59.5379;-139.0415;0
69.9204;-142.37;0
49.7976;-127.1902;0
48.9417;-124.4424;0
47.61;-124.4751;0
49.4496;-127.3175;0
47.4595;-70.0051;0
59.4549;-134.4555;0
49.0964;-120.9137;0
47.6884;-70.0838;0
63.1689;-130.4686;0
47.5236;-70.2134;0
49.6286;-66.9359;0
63.1046;-130.5866;0
65.2295;-138.9216;0
46.2881;-77.2635;0
58.7088;-136.8605;0
50.1359;-64.9119;0
48.1661;-124.6337;0
48.2716;-124.5937;0
49.2132;-120.8069;0
65.0965;-134.5036;0
48.1701;-124.6634;0
51.3677;-131.1588;0
49.0766;-122.6214;0
48.2733;-124.6737;0
47.4788;-70.283;0
48.8573;-129.0379;0
48.8685;-129.1033;0
53.8853;-131.7464;0
47.3995;-70.1735;0
49.0267;-129.4398;0
52.6918;-132.4883;0
50.2193;-127.8247;0
50.6495;-130.5448;0
47.5839;-69.9617;0
60.2424;-140.7816;0
47.4286;-70.311;0
48.9294;-129.7796;0
46.8565;-75.9984;0
48.9632;-122.7221;0
48.7042;-128.5942;0
48.7425;-128.6028;0
49.6732;-127.1785;0
47.6161;-123.5784;0
49.5989;-127.3646;0
47.5305;-70.2923;0
62.0191;-124.2804;0
52.5995;-131.9397;0
58.6144;-137.5091;0
63.0359;-68.8184;0
51.7982;-131.6188;0
53.2049;-132.8671;0
51.9526;-118.6591;0
49.4003;-127.7911;0
49.4003;-127.7911;0
50.3266;-64.9738;0
45.4846;-74.1638;0
48.7518;-128.5694;0
58.7618;-139.334;0
53.159;-132.8426;0
49.5298;-66.9103;0
59.7249;-135.8611;0
49.3384;-123.9415;0
50.5514;-130.3206;0
52.8123;-132.3852;0
50.2158;-64.8833;0
52.9725;-132.6682;0
47.7997;-122.5106;0
47.5355;-70.1665;0
47.4306;-121.6645;0
49.054;-125.606;0
47.5741;-70.1987;0
50.1707;-127.7755;0
50.1789;-64.8446;0
50.0883;-130.1042;0
49.2874;-67.8075;0
63.5428;-137.298;0
50.1776;-64.8998;0
53.2029;-132.8639;0
49.3216;-65.9752;0
45.1563;-79.8936;0
64.638;-136.8315;0
59.9239;-140.1026;0
47.4442;-70.0484;0
48.4708;-123.6794;0
49.0855;-66.4418;0
65.8752;-135.3077;0
47.4692;-70.1099;0
49.3187;-123.2278;0
57.1102;-143.2284;0
48.7379;-129.08;0
43.7513;-71.4942;0
48.7429;-123.1437;0
47.6029;-122.6173;0
70.9308;-66.3585;0
47.5889;-122.6138;0
47.4948;-70.1047;0
62.0556;-124.0433;0
53.8991;-131.7137;0
58.9175;-135.291;0
61.1684;-76.7455;0
49.5444;-90.9183;0
49.4837;-91.0021;0
49.4331;-127.3925;0
48.9746;-129.2757;0
50.6061;-130.4336;0
62.2858;-70.57;0
49.1121;-66.857;0
48.6734;-115.4746;0
52.6259;-132.2329;0
58.5797;-137.1372;0
52.6426;-132.3726;0
50.5938;-130.331;0
58.8665;-136.8816;0
72.1307;-91.9211;0
49.4349;-128.3517;0
48.9557;-129.3727;0
47.4893;-70.3656;0
49.2146;-67.7317;0
53.2105;-132.8461;0
50.1426;-93.1046;0
48.8643;-123.3731;0
59.0177;-135.0806;0
52.9593;-127.3037;0
52.7866;-127.2643;0
64.5447;-138.8936;0
54.5629;-130.9801;0
48.0728;-121.513;0
52.8873;-132.6193;0
48.8447;-129.0569;0
60.9244;-138.4492;0
52.2731;-132.1548;0
47.5486;-69.9615;0
61.7179;-141.1754;0
48.4555;-123.2245;0
49.6895;-91.8618;0
47.3119;-70.4363;0
52.6424;-132.0316;0
50.6098;-122.7082;0
47.7418;-120.2825;0
64.6304;-138.5565;0
51.2796;-90.7824;0
49.3169;-123.9646;0
48.7472;-128.8268;0
49.6273;-127.5959;0
52.6818;-132.2366;0
52.6687;-132.2755;0
49.001;-128.7516;0
47.4921;-70.4004;0
53.4849;-133.2097;0
49.7119;-65.7996;0
52.7826;-132.2942;0
48.7448;-128.8612;0
73.3437;-72.7359;0
47.5119;-70.4426;0
53.5691;-131.3626;0
52.7222;-132.2445;0
48.7394;-129.2774;0
47.7848;-124.3616;0
48.7707;-129.365;0
53.2107;-132.8642;0
72.0652;-76.0681;0
45.5797;-76.8786;0
50.105;-123.9374;0
46.4414;-74.4541;0
43.3656;-79.2325;0
59.5664;-138.9408;0
65.5195;-134.4716;0
48.5371;-122.5889;0
48.9369;-129.1626;0
52.4472;-131.8371;0
50.2248;-127.694;0
47.505;-121.672;0
